1762396385861 2.2363728046417237 10
1762396388615 2.4573031663894653 20
1762396391376 2.4465316772460937 30
1762396394127 1.806948471069336 40
1762396396880 1.0780079245567322 50
1762396412970 0.8685963869094848 60
1762396415733 0.8679545760154724 70
1762396418483 0.8042185246944428 80
1762396421224 0.7754961848258972 90
1762396423976 0.685161554813385 100
1762396440564 0.6950804889202118 110
1762396443318 0.746782922744751 120
1762396446080 0.6773720920085907 130
1762396448840 0.6645888209342956 140
1762396451587 0.6893918871879577 150
1762396467340 0.6503520905971527 160
1762396470094 0.6285724341869354 170
1762396472846 0.6019999384880066 180
1762396475586 0.5903722465038299 190
1762396478322 0.5985285460948944 200
