1762396385861 0.013368983957219251 10
1762396388615 0.026737967914438502 20
1762396391376 0.040106951871657755 30
1762396394127 0.053475935828877004 40
1762396396880 0.06684491978609626 50
1762396410216 0.06684491978609626 50
1762396412970 0.08021390374331551 60
1762396415733 0.09358288770053476 70
1762396418483 0.10695187165775401 80
1762396421224 0.12032085561497326 90
1762396423976 0.13368983957219252 100
1762396436987 0.13368983957219252 100
1762396440564 0.14705882352941177 110
1762396443318 0.16042780748663102 120
1762396446080 0.17379679144385027 130
1762396448840 0.18716577540106952 140
1762396451587 0.20053475935828877 150
1762396464595 0.20053475935828877 150
1762396467340 0.21390374331550802 160
1762396470094 0.22727272727272727 170
1762396472846 0.24064171122994651 180
1762396475586 0.2540106951871658 190
1762396478322 0.26737967914438504 200
1762396491278 0.26737967914438504 200
1762396492112 0.26737967914438504 200
