1762396385861 2.498398542404175 10
1762396388615 2.1277942657470703 20
1762396391376 1.7601423263549805 30
1762396394127 2.2606067657470703 40
1762396396880 1.4623967409133911 50
1762396412970 1.0959546566009521 60
1762396415733 2.1302030086517334 70
1762396418483 1.3630343675613403 80
1762396421224 0.9884319305419922 90
1762396423976 1.027651309967041 100
1762396440564 1.3765062093734741 110
1762396443318 1.0345350503921509 120
1762396446080 1.3274152278900146 130
1762396448840 1.0365254878997803 140
1762396451587 1.3090709447860718 150
1762396467340 1.9433469772338867 160
1762396470094 1.312483549118042 170
1762396472846 1.3847661018371582 180
1762396475586 1.6531758308410645 190
1762396478322 1.4324686527252197 200
