1762396385861 4.775e-05 10
1762396388615 4.525e-05 20
1762396391376 4.275e-05 30
1762396394127 4.025e-05 40
1762396396880 3.775e-05 50
1762396412970 3.525e-05 60
1762396415733 3.275e-05 70
1762396418483 3.025e-05 80
1762396421224 2.7750000000000004e-05 90
1762396423976 2.525e-05 100
1762396440564 2.275e-05 110
1762396443318 2.025e-05 120
1762396446080 1.775e-05 130
1762396448840 1.525e-05 140
1762396451587 1.2750000000000002e-05 150
1762396467340 1.025e-05 160
1762396470094 7.75e-06 170
1762396472846 5.25e-06 180
1762396475586 2.7500000000000004e-06 190
1762396478322 2.5000000000000004e-07 200
