1762396385861 0.39590021371841433 10
1762396388615 0.47324607968330384 20
1762396391376 0.584217169880867 30
1762396394127 0.7063132166862488 40
1762396396880 0.8081202626228332 50
1762396412970 0.8196112275123596 60
1762396415733 0.8141499817371368 70
1762396418483 0.850546371936798 80
1762396421224 0.8599149286746979 90
1762396423976 0.8787437319755554 100
1762396440564 0.8603931784629821 110
1762396443318 0.86644207239151 120
1762396446080 0.8719618082046509 130
1762396448840 0.8756551027297974 140
1762396451587 0.8688696026802063 150
1762396467340 0.8806513547897339 160
1762396470094 0.889100295305252 170
1762396472846 0.8901124596595764 180
1762396475586 0.8930294632911682 190
1762396478322 0.8883147418498993 200
