1762396385861 3723.0 10
1762396388615 7465.0 20
1762396391376 11140.0 30
1762396394127 14810.0 40
1762396396880 18361.0 50
1762396412970 22120.0 60
1762396415733 25889.0 70
1762396418483 29605.0 80
1762396421224 33224.0 90
1762396423976 36767.0 100
1762396440564 40532.0 110
1762396443318 44326.0 120
1762396446080 48079.0 130
1762396448840 51874.0 140
1762396451587 55808.0 150
1762396467340 59549.0 160
1762396470094 63289.0 170
1762396472846 67012.0 180
1762396475586 70770.0 190
1762396478322 74523.0 200
