1762494361132 0.053475935828877004 10
1762494364951 0.10695187165775401 20
1762494368749 0.16042780748663102 30
1762494372567 0.21390374331550802 40
1762494376353 0.26737967914438504 50
1762494384043 0.26737967914438504 50
1762494387846 0.32085561497326204 60
1762494391652 0.37433155080213903 70
1762494395449 0.42780748663101603 80
1762494399261 0.48128342245989303 90
1762494403043 0.5347593582887701 100
1762494410498 0.5347593582887701 100
1762494414301 0.5882352941176471 110
1762494418119 0.6417112299465241 120
1762494421908 0.6951871657754011 130
1762494425714 0.7486631016042781 140
1762494429525 0.8021390374331551 150
1762494436971 0.8021390374331551 150
1762494440791 0.8556149732620321 160
1762494444609 0.9090909090909091 170
1762494448418 0.9625668449197861 180
1762494452206 1.0160427807486632 190
1762494455995 1.0695187165775402 200
1762494463457 1.0695187165775402 200
1762494467264 1.1229946524064172 210
1762494471090 1.1764705882352942 220
1762494474891 1.2299465240641712 230
1762494478677 1.2834224598930482 240
1762494482450 1.3368983957219251 250
1762494489902 1.3368983957219251 250
1762494494463 1.3903743315508021 260
1762494498299 1.4438502673796791 270
1762494502130 1.4973262032085561 280
1762494505948 1.5508021390374331 290
1762494509746 1.6042780748663101 300
1762494517203 1.6042780748663101 300
1762494521018 1.6577540106951871 310
1762494524830 1.7112299465240641 320
1762494528648 1.7647058823529411 330
1762494532470 1.8181818181818183 340
1762494536275 1.8716577540106951 350
1762494543704 1.8716577540106951 350
1762494547513 1.9251336898395723 360
1762494551316 1.9786096256684491 370
1762494555123 2.0320855614973263 380
1762494558912 2.085561497326203 390
1762494562700 2.1390374331550803 400
1762494570133 2.1390374331550803 400
1762494573956 2.192513368983957 410
1762494577752 2.2459893048128343 420
1762494581557 2.299465240641711 430
1762494585374 2.3529411764705883 440
1762494589188 2.406417112299465 450
1762494596646 2.406417112299465 450
1762494600447 2.4598930481283423 460
1762494604255 2.5133689839572195 470
1762494608082 2.5668449197860963 480
1762494611872 2.620320855614973 490
1762494615651 2.6737967914438503 500
1762494623097 2.6737967914438503 500
1762494627569 2.7272727272727275 510
1762494631364 2.7807486631016043 520
1762494635170 2.834224598930481 530
1762494638995 2.8877005347593583 540
1762494642819 2.9411764705882355 550
1762494650282 2.9411764705882355 550
1762494654082 2.9946524064171123 560
1762494657872 3.0481283422459895 570
1762494661692 3.1016042780748663 580
1762494665505 3.1550802139037435 590
1762494669328 3.2085561497326203 600
1762494676788 3.2085561497326203 600
1762494680611 3.2620320855614975 610
1762494684419 3.3155080213903743 620
1762494688244 3.3689839572192515 630
1762494692069 3.4224598930481283 640
1762494695891 3.4759358288770055 650
1762495861492 3.4759358288770055 650
1762495865311 3.5294117647058822 660
1762495869129 3.5828877005347595 670
1762495872954 3.6363636363636362 680
1762495876769 3.6898395721925135 690
1762495880594 3.7433155080213902 700
1762495888036 3.7433155080213902 700
1762495891862 3.7967914438502675 710
1762495895684 3.8502673796791442 720
1762495899490 3.9037433155080214 730
1762495903314 3.9572192513368982 740
1762495907125 4.010695187165775 750
1762495914611 4.010695187165775 750
1762495919212 4.064171122994653 760
1762495923009 4.117647058823529 770
1762495926792 4.171122994652406 780
1762495930600 4.224598930481283 790
1762495934388 4.278074866310161 800
1762495941827 4.278074866310161 800
1762495945625 4.331550802139038 810
1762495949431 4.385026737967914 820
1762495953248 4.438502673796791 830
1762495957062 4.491978609625669 840
1762495960861 4.545454545454545 850
1762495968324 4.545454545454545 850
1762495972138 4.598930481283422 860
1762495975930 4.652406417112299 870
1762495979745 4.705882352941177 880
1762495983557 4.759358288770054 890
1762495987376 4.81283422459893 900
1762495994819 4.81283422459893 900
1762495998635 4.866310160427807 910
1762496002445 4.919786096256685 920
1762496006249 4.973262032085562 930
1762496010054 5.026737967914438 940
1762496013858 5.080213903743315 950
1762496021295 5.080213903743315 950
1762496025113 5.133689839572193 960
1762496028905 5.18716577540107 970
1762496032691 5.240641711229946 980
1762496036473 5.294117647058823 990
1762496040268 5.347593582887701 1000
1762496047700 5.347593582887701 1000
1762496052214 5.401069518716578 1010
1762496056016 5.454545454545454 1020
1762496059803 5.508021390374331 1030
1762496063581 5.561497326203209 1040
1762496067391 5.614973262032086 1050
1762496074815 5.614973262032086 1050
1762496078608 5.668449197860962 1060
1762496082398 5.721925133689839 1070
1762496086177 5.775401069518717 1080
1762496089957 5.828877005347594 1090
1762496093741 5.882352941176471 1100
1762496101175 5.882352941176471 1100
1762496104992 5.935828877005347 1110
1762496108798 5.989304812834225 1120
1762496112600 6.042780748663102 1130
1762496116417 6.096256684491979 1140
1762496120230 6.149732620320855 1150
1762496127692 6.149732620320855 1150
1762496131505 6.2032085561497325 1160
1762496135301 6.25668449197861 1170
1762496139110 6.310160427807487 1180
1762496142915 6.363636363636363 1190
1762496146739 6.4171122994652405 1200
1762496154194 6.4171122994652405 1200
1762496158016 6.470588235294118 1210
1762496161811 6.524064171122995 1220
1762496165627 6.577540106951871 1230
1762496169434 6.6310160427807485 1240
1762496173249 6.684491978609626 1250
1762496180675 6.684491978609626 1250
1762496185188 6.737967914438503 1260
1762496189008 6.791443850267379 1270
1762496192827 6.8449197860962565 1280
1762496196649 6.898395721925134 1290
1762496200454 6.951871657754011 1300
1762496207909 6.951871657754011 1300
1762496211719 7.005347593582887 1310
1762496215515 7.0588235294117645 1320
1762496219343 7.112299465240642 1330
1762496223164 7.165775401069519 1340
1762496226982 7.219251336898395 1350
1762496234434 7.219251336898395 1350
1762496238246 7.2727272727272725 1360
1762496242048 7.32620320855615 1370
1762496245846 7.379679144385027 1380
1762496249636 7.433155080213904 1390
1762496253415 7.4866310160427805 1400
1762496260857 7.4866310160427805 1400
1762496264656 7.540106951871658 1410
1762496268441 7.593582887700535 1420
1762496272232 7.647058823529412 1430
1762496276015 7.7005347593582885 1440
1762496279809 7.754010695187166 1450
1762496287253 7.754010695187166 1450
1762496291058 7.807486631016043 1460
1762496294852 7.86096256684492 1470
1762496298673 7.9144385026737964 1480
1762496302478 7.967914438502674 1490
1762496306285 8.02139037433155 1500
1762496313739 8.02139037433155 1500
1762496318207 8.074866310160427 1510
1762496322005 8.128342245989305 1520
1762496325844 8.181818181818182 1530
1762496329655 8.235294117647058 1540
1762502113071 8.288770053475936 1550
1762502120556 8.288770053475936 1550
1762502124381 8.342245989304812 1560
1762502128197 8.39572192513369 1570
1762502132010 8.449197860962567 1580
1762502135823 8.502673796791443 1590
1762502139643 8.556149732620321 1600
1762502147107 8.556149732620321 1600
1762502150933 8.609625668449198 1610
1762502154762 8.663101604278076 1620
1762502158571 8.716577540106952 1630
1762502162390 8.770053475935828 1640
1762502166194 8.823529411764707 1650
1762502173647 8.823529411764707 1650
1762502177449 8.877005347593583 1660
1762502181269 8.93048128342246 1670
1762502185091 8.983957219251337 1680
1762502188915 9.037433155080214 1690
1762502192727 9.090909090909092 1700
1762502200177 9.090909090909092 1700
1762502203995 9.144385026737968 1710
1762502207803 9.197860962566844 1720
1762502211600 9.251336898395722 1730
1762502215413 9.304812834224599 1740
1762502219232 9.358288770053475 1750
1762502226691 9.358288770053475 1750
1762502231270 9.411764705882353 1760
1762502235064 9.46524064171123 1770
1762502238861 9.518716577540108 1780
1762502242667 9.572192513368984 1790
1762502246481 9.62566844919786 1800
1762502253935 9.62566844919786 1800
1762502257754 9.679144385026738 1810
1762502261571 9.732620320855615 1820
1762502265387 9.786096256684491 1830
1762502269198 9.83957219251337 1840
1762502273004 9.893048128342246 1850
1762502280474 9.893048128342246 1850
1762502284276 9.946524064171124 1860
1762502288076 10.0 1870
1762502291886 10.053475935828876 1880
1762502295695 10.106951871657754 1890
1762502299516 10.16042780748663 1900
1762502306977 10.16042780748663 1900
1762502310803 10.213903743315509 1910
1762502314615 10.267379679144385 1920
1762502318432 10.320855614973262 1930
1762502322238 10.37433155080214 1940
1762502326056 10.427807486631016 1950
1762502333517 10.427807486631016 1950
1762502337322 10.481283422459892 1960
1762502341112 10.53475935828877 1970
1762502344910 10.588235294117647 1980
1762502348704 10.641711229946525 1990
1762502352508 10.695187165775401 2000
1762502359969 10.695187165775401 2000
1762502364466 10.748663101604278 2010
1762502368285 10.802139037433156 2020
1762502372085 10.855614973262032 2030
1762502375892 10.909090909090908 2040
1762502379707 10.962566844919786 2050
1762502387149 10.962566844919786 2050
1762502390955 11.016042780748663 2060
1762502394752 11.06951871657754 2070
1762502398550 11.122994652406417 2080
1762502402357 11.176470588235293 2090
1762502406170 11.229946524064172 2100
1762502413646 11.229946524064172 2100
1762502417470 11.283422459893048 2110
1762502421276 11.336898395721924 2120
1762502425081 11.390374331550802 2130
1762502428896 11.443850267379679 2140
1762502432720 11.497326203208557 2150
1762502440178 11.497326203208557 2150
1762502444001 11.550802139037433 2160
1762502447799 11.60427807486631 2170
1762502451620 11.657754010695188 2180
1762502455420 11.711229946524064 2190
1762502459241 11.764705882352942 2200
1762502466700 11.764705882352942 2200
1762502470523 11.818181818181818 2210
1762502474334 11.871657754010695 2220
1762502478153 11.925133689839573 2230
1762502481976 11.97860962566845 2240
1762502485788 12.032085561497325 2250
1762502493208 12.032085561497325 2250
1762502497703 12.085561497326204 2260
1762502501505 12.13903743315508 2270
1762502505306 12.192513368983958 2280
1762502509104 12.245989304812834 2290
1762514790077 12.29946524064171 2300
1762514797534 12.29946524064171 2300
1762514801347 12.352941176470589 2310
1762514805163 12.406417112299465 2320
1762514808992 12.459893048128341 2330
1762514812811 12.51336898395722 2340
1762514816648 12.566844919786096 2350
1762514824108 12.566844919786096 2350
1762514827925 12.620320855614974 2360
1762514831748 12.67379679144385 2370
1762514835570 12.727272727272727 2380
1762514839387 12.780748663101605 2390
1762514843210 12.834224598930481 2400
1762514850648 12.834224598930481 2400
1762514854447 12.887700534759357 2410
1762514858246 12.941176470588236 2420
1762514862062 12.994652406417112 2430
1762514866025 13.04812834224599 2440
1762514869843 13.101604278074866 2450
1762514877325 13.101604278074866 2450
1762514881122 13.155080213903743 2460
1762514884946 13.20855614973262 2470
1762514888735 13.262032085561497 2480
1762514892525 13.315508021390375 2490
1762514896325 13.368983957219251 2500
1762514903775 13.368983957219251 2500
1762514908693 13.422459893048128 2510
1762514912517 13.475935828877006 2520
1762514916326 13.529411764705882 2530
1762514920140 13.582887700534759 2540
1762514923957 13.636363636363637 2550
1762514931404 13.636363636363637 2550
1762514935196 13.689839572192513 2560
1762514938979 13.743315508021391 2570
1762514942795 13.796791443850267 2580
1762514946616 13.850267379679144 2590
1762514950430 13.903743315508022 2600
1762514957897 13.903743315508022 2600
1762514961725 13.957219251336898 2610
1762514965534 14.010695187165775 2620
1762514969354 14.064171122994653 2630
1762514973166 14.117647058823529 2640
1762514976989 14.171122994652407 2650
1762514984443 14.171122994652407 2650
1762514988268 14.224598930481283 2660
1762514992078 14.27807486631016 2670
1762514995892 14.331550802139038 2680
1762514999703 14.385026737967914 2690
1762515003517 14.43850267379679 2700
1762515010974 14.43850267379679 2700
1762515014808 14.491978609625669 2710
1762515018618 14.545454545454545 2720
1762515022425 14.598930481283423 2730
1762515026208 14.6524064171123 2740
1762515030024 14.705882352941176 2750
1762515037495 14.705882352941176 2750
1762515042039 14.759358288770054 2760
1762515045835 14.81283422459893 2770
1762515049639 14.866310160427808 2780
1762515053456 14.919786096256685 2790
1762515057271 14.973262032085561 2800
1762515064720 14.973262032085561 2800
1762515068511 15.026737967914439 2810
1762515072320 15.080213903743315 2820
1762515076123 15.133689839572192 2830
1762515079939 15.18716577540107 2840
1762515083750 15.240641711229946 2850
1762515091220 15.240641711229946 2850
1762515095027 15.294117647058824 2860
1762515098858 15.3475935828877 2870
1762515102659 15.401069518716577 2880
1762515106482 15.454545454545455 2890
1762515110304 15.508021390374331 2900
1762515117770 15.508021390374331 2900
1762515121595 15.56149732620321 2910
1762515125415 15.614973262032086 2920
1762515129231 15.668449197860962 2930
1762515133047 15.72192513368984 2940
1762515136843 15.775401069518717 2950
1762515144300 15.775401069518717 2950
1762515148127 15.828877005347593 2960
1762515151935 15.882352941176471 2970
1762515155747 15.935828877005347 2980
1762515159530 15.989304812834224 2990
1762515163350 16.0427807486631 3000
1762536336025 16.0427807486631 3000
1762536340616 16.09625668449198 3010
1762536344433 16.149732620320854 3020
1762536348240 16.203208556149733 3030
1762536352044 16.25668449197861 3040
1762536355871 16.310160427807485 3050
1762536363352 16.310160427807485 3050
1762536367174 16.363636363636363 3060
1762536370981 16.41711229946524 3070
1762536374783 16.470588235294116 3080
1762536378592 16.524064171122994 3090
1762536382383 16.577540106951872 3100
1762536389858 16.577540106951872 3100
1762536393678 16.63101604278075 3110
1762536397469 16.684491978609625 3120
1762536401266 16.737967914438503 3130
1762536405081 16.79144385026738 3140
1762536408898 16.844919786096256 3150
1762536416350 16.844919786096256 3150
1762536420157 16.898395721925134 3160
1762536423949 16.951871657754012 3170
1762536427749 17.005347593582886 3180
1762536431576 17.058823529411764 3190
1762536435366 17.112299465240643 3200
1762536442796 17.112299465240643 3200
1762536446611 17.165775401069517 3210
1762536450428 17.219251336898395 3220
1762536454231 17.272727272727273 3230
1762536458063 17.32620320855615 3240
1762536461880 17.379679144385026 3250
1762536469333 17.379679144385026 3250
1762536473936 17.433155080213904 3260
1762536477753 17.486631016042782 3270
1762536481545 17.540106951871657 3280
1762536485368 17.593582887700535 3290
1762536489172 17.647058823529413 3300
1762536496633 17.647058823529413 3300
1762536500453 17.700534759358288 3310
1762536504287 17.754010695187166 3320
1762536508084 17.807486631016044 3330
1762536511872 17.86096256684492 3340
1762536515671 17.914438502673796 3350
1762536523116 17.914438502673796 3350
1762536526930 17.967914438502675 3360
1762536530749 18.02139037433155 3370
1762536534570 18.074866310160427 3380
1762536538386 18.128342245989305 3390
1762536542194 18.181818181818183 3400
1762536549649 18.181818181818183 3400
1762536553460 18.235294117647058 3410
1762536557280 18.288770053475936 3420
1762536561102 18.342245989304814 3430
1762536564895 18.39572192513369 3440
1762536568706 18.449197860962567 3450
1762536576172 18.449197860962567 3450
1762536579984 18.502673796791445 3460
1762536583841 18.55614973262032 3470
1762536587672 18.609625668449198 3480
1762536591493 18.663101604278076 3490
1762536595315 18.71657754010695 3500
1762536602771 18.71657754010695 3500
1762536607277 18.77005347593583 3510
1762536611071 18.823529411764707 3520
1762536614890 18.87700534759358 3530
1762536618704 18.93048128342246 3540
1762536622517 18.983957219251337 3550
1762536629979 18.983957219251337 3550
1762536633794 19.037433155080215 3560
1762536637583 19.09090909090909 3570
1762536641402 19.144385026737968 3580
1762536645219 19.197860962566846 3590
1762536649053 19.25133689839572 3600
1762536656505 19.25133689839572 3600
1762536660300 19.3048128342246 3610
1762536664110 19.358288770053477 3620
1762536667922 19.41176470588235 3630
1762536671737 19.46524064171123 3640
1762536675563 19.518716577540108 3650
1762536683022 19.518716577540108 3650
1762536686836 19.572192513368982 3660
1762536690646 19.62566844919786 3670
1762536694465 19.67914438502674 3680
1762536698284 19.732620320855617 3690
1762536702090 19.78609625668449 3700
1762536709543 19.78609625668449 3700
1762536713360 19.83957219251337 3710
1762536717186 19.893048128342247 3720
1762536721000 19.946524064171122 3730
1762536724807 20.0 3740
1762536728624 20.053475935828878 3750
1762536736109 20.053475935828878 3750
1762536740983 20.106951871657753 3760
1762536744785 20.16042780748663 3770
1762536748611 20.21390374331551 3780
1762536752439 20.267379679144383 3790
1762536756236 20.32085561497326 3800
1762542700266 20.32085561497326 3800
1762542704073 20.37433155080214 3810
