1762494361132 4.046636581420898 10
1762494364951 3.5373990535736084 20
1762494368749 2.979172945022583 30
1762494372567 2.9693241119384766 40
1762494376353 3.2219088077545166 50
1762494387846 1.5406701564788818 60
1762494391652 1.4426088333129883 70
1762494395449 1.3231045007705688 80
1762494399261 2.136733293533325 90
1762494403043 1.4685527086257935 100
1762494414301 1.9283705949783325 110
1762494418119 1.3898588418960571 120
1762494421908 1.784759759902954 130
1762494425714 1.4552509784698486 140
1762494429525 1.5754244327545166 150
1762494440791 2.127642869949341 160
1762494444609 2.442556619644165 170
1762494448418 1.9873660802841187 180
1762494452206 2.2061541080474854 190
1762494455995 2.1069016456604004 200
1762494467264 1.4675742387771606 210
1762494471090 2.0687108039855957 220
1762494474891 2.0567128658294678 230
1762494478677 3.6166207790374756 240
1762494482450 1.7600806951522827 250
1762494494463 2.6577234268188477 260
1762494498299 1.5521918535232544 270
1762494502130 2.2991795539855957 280
1762494505948 2.5921785831451416 290
1762494509746 2.2467315196990967 300
1762494521018 2.2866029739379883 310
1762494524830 1.8158013820648193 320
1762494528648 2.698704719543457 330
1762494532470 1.9221831560134888 340
1762494536275 2.241018056869507 350
1762494547513 2.072539806365967 360
1762494551316 2.605940580368042 370
1762494555123 3.225588798522949 380
1762494558912 2.225651502609253 390
1762494562700 2.123784303665161 400
1762494573956 2.1992130279541016 410
1762494577752 1.8043450117111206 420
1762494581557 1.374831199645996 430
1762494585374 2.569044828414917 440
1762494589188 1.7187283039093018 450
1762494600447 2.9377505779266357 460
1762494604255 1.8826899528503418 470
1762494608082 2.1147358417510986 480
1762494611872 2.0291593074798584 490
1762494615651 2.099457025527954 500
1762494627569 1.9245446920394897 510
1762494631364 1.9814053773880005 520
1762494635170 1.781045913696289 530
1762494638995 1.7913002967834473 540
1762494642819 2.2491447925567627 550
1762494654082 2.0366199016571045 560
1762494657872 1.6341315507888794 570
1762494661692 2.2253618240356445 580
1762494665505 1.8411741256713867 590
1762494669328 1.9843965768814087 600
1762494680611 2.007739782333374 610
1762494684419 1.6711622476577759 620
1762494688244 2.057126522064209 630
1762494692069 1.5367459058761597 640
1762494695891 1.5758061408996582 650
1762495865311 1.6521036624908447 660
1762495869129 2.264547109603882 670
1762495872954 2.476624011993408 680
1762495876769 1.8394172191619873 690
1762495880594 1.8156929016113281 700
1762495891862 2.5840415954589844 710
1762495895684 1.5329773426055908 720
1762495899490 1.882197380065918 730
1762495903314 2.6235530376434326 740
1762495907125 1.7794030904769897 750
1762495919212 1.5506638288497925 760
1762495923009 1.7880408763885498 770
1762495926792 1.6446093320846558 780
1762495930600 1.9886724948883057 790
1762495934388 1.6823118925094604 800
1762495945625 2.119173049926758 810
1762495949431 2.009287118911743 820
1762495953248 2.418738842010498 830
1762495957062 1.3737993240356445 840
1762495960861 1.4393093585968018 850
1762495972138 1.4555047750473022 860
1762495975930 1.3084745407104492 870
1762495979745 1.9336367845535278 880
1762495983557 1.2357357740402222 890
1762495987376 2.3770644664764404 900
1762495998635 1.603104591369629 910
1762496002445 2.5517070293426514 920
1762496006249 2.010392189025879 930
1762496010054 2.0141732692718506 940
1762496013858 1.7232269048690796 950
1762496025113 3.1640028953552246 960
1762496028905 1.1550520658493042 970
1762496032691 1.857087254524231 980
1762496036473 1.5743250846862793 990
1762496040268 1.673746109008789 1000
1762496052214 2.4994988441467285 1010
1762496056016 2.002786874771118 1020
1762496059803 1.2268277406692505 1030
1762496063581 2.6704792976379395 1040
1762496067391 1.7687724828720093 1050
1762496078608 2.07865834236145 1060
1762496082398 1.5681596994400024 1070
1762496086177 1.7010273933410645 1080
1762496089957 2.2548694610595703 1090
1762496093741 1.6575353145599365 1100
1762496104992 1.811803936958313 1110
1762496108798 1.2594619989395142 1120
1762496112600 1.0712789297103882 1130
1762496116417 1.9295309782028198 1140
1762496120230 1.5316301584243774 1150
1762496131505 1.9402759075164795 1160
1762496135301 1.61502206325531 1170
1762496139110 2.06933331489563 1180
1762496142915 1.9378145933151245 1190
1762496146739 1.300663709640503 1200
1762496158016 2.706827163696289 1210
1762496161811 1.4989995956420898 1220
1762496165627 1.3112725019454956 1230
1762496169434 1.4168490171432495 1240
1762496173249 1.5492528676986694 1250
1762496185188 1.8180702924728394 1260
1762496189008 1.4961506128311157 1270
1762496192827 1.5906192064285278 1280
1762496196649 1.2390985488891602 1290
1762496200454 1.9501031637191772 1300
1762496211719 1.2711519002914429 1310
1762496215515 1.7318607568740845 1320
1762496219343 1.3827260732650757 1330
1762496223164 1.9247127771377563 1340
1762496226982 1.5833513736724854 1350
1762496238246 1.6037182807922363 1360
1762496242048 1.714377522468567 1370
1762496245846 2.0830564498901367 1380
1762496249636 1.4762686491012573 1390
1762496253415 2.0901007652282715 1400
1762496264656 1.8549162149429321 1410
1762496268441 1.5736827850341797 1420
1762496272232 1.5673468112945557 1430
1762496276015 2.6477723121643066 1440
1762496279809 2.0935795307159424 1450
1762496291058 1.4704015254974365 1460
1762496294852 1.4552056789398193 1470
1762496298673 1.590376615524292 1480
1762496302478 3.2565195560455322 1490
1762496306285 1.545185923576355 1500
1762496318207 2.123950242996216 1510
1762496322005 1.4395091533660889 1520
1762496325844 1.9781235456466675 1530
1762496329655 1.5253074169158936 1540
1762502113071 1.7622984647750854 1550
1762502124381 2.1419856548309326 1560
1762502128197 1.4377899169921875 1570
1762502132010 1.1524826288223267 1580
1762502135823 1.9751160144805908 1590
1762502139643 1.9816902875900269 1600
1762502150933 1.4995290040969849 1610
1762502154762 1.1447694301605225 1620
1762502158571 1.6578550338745117 1630
1762502162390 2.222774028778076 1640
1762502166194 2.2320008277893066 1650
1762502177449 1.8588670492172241 1660
1762502181269 4.106893062591553 1670
1762502185091 1.7613297700881958 1680
1762502188915 1.4044649600982666 1690
1762502192727 1.5754631757736206 1700
1762502203995 2.3981430530548096 1710
1762502207803 1.6402366161346436 1720
1762502211600 1.9673206806182861 1730
1762502215413 1.5556553602218628 1740
1762502219232 1.5523359775543213 1750
1762502231270 1.2027467489242554 1760
1762502235064 1.7509310245513916 1770
1762502238861 2.1593260765075684 1780
1762502242667 1.3921259641647339 1790
1762502246481 1.607944369316101 1800
1762502257754 1.9527380466461182 1810
1762502261571 1.3629674911499023 1820
1762502265387 1.4893945455551147 1830
1762502269198 1.4830790758132935 1840
1762502273004 5.008009910583496 1850
1762502284276 1.6408334970474243 1860
1762502288076 1.8532428741455078 1870
1762502291886 1.5465625524520874 1880
1762502295695 1.7712948322296143 1890
1762502299516 2.164857864379883 1900
1762502310803 1.6838074922561646 1910
1762502314615 1.6861872673034668 1920
1762502318432 1.056829810142517 1930
1762502322238 1.5824518203735352 1940
1762502326056 2.1288137435913086 1950
1762502337322 1.7255208492279053 1960
1762502341112 1.9363523721694946 1970
1762502344910 1.3321057558059692 1980
1762502348704 2.1751022338867188 1990
1762502352508 2.2029759883880615 2000
1762502364466 1.7387510538101196 2010
1762502368285 1.839860439300537 2020
1762502372085 3.5867042541503906 2030
1762502375892 1.752887487411499 2040
1762502379707 1.3735276460647583 2050
1762502390955 1.9215779304504395 2060
1762502394752 1.3308664560317993 2070
1762502398550 1.1738380193710327 2080
1762502402357 2.351783514022827 2090
1762502406170 1.8237286806106567 2100
1762502417470 1.7666611671447754 2110
1762502421276 1.943600058555603 2120
1762502425081 1.4712446928024292 2130
1762502428896 1.7691394090652466 2140
1762502432720 2.522246837615967 2150
1762502444001 1.291008710861206 2160
1762502447799 1.7861731052398682 2170
1762502451620 1.5075849294662476 2180
1762502455420 1.4711198806762695 2190
1762502459241 2.010058641433716 2200
1762502470523 1.4751958847045898 2210
1762502474334 1.6958402395248413 2220
1762502478153 2.1283156871795654 2230
1762502481976 1.7508928775787354 2240
1762502485788 1.2232438325881958 2250
1762502497703 2.4481606483459473 2260
1762502501505 1.5842134952545166 2270
1762502505306 1.9147378206253052 2280
1762502509104 2.302304267883301 2290
1762514790077 1.7117950916290283 2300
1762514801347 1.6980422735214233 2310
1762514805163 1.8869596719741821 2320
1762514808992 1.5669167041778564 2330
1762514812811 2.0777363777160645 2340
1762514816648 2.0252432823181152 2350
1762514827925 1.4577192068099976 2360
1762514831748 2.2646846771240234 2370
1762514835570 1.7184553146362305 2380
1762514839387 2.2017242908477783 2390
1762514843210 1.3511300086975098 2400
1762514854447 2.134270429611206 2410
1762514858246 1.3946455717086792 2420
1762514862062 2.091250419616699 2430
1762514866025 2.222027063369751 2440
1762514869843 2.0853841304779053 2450
1762514881122 1.6054365634918213 2460
1762514884946 1.8305331468582153 2470
1762514888735 1.4752392768859863 2480
1762514892525 1.6272990703582764 2490
1762514896325 1.7388708591461182 2500
1762514908693 1.7562153339385986 2510
1762514912517 1.8541505336761475 2520
1762514916326 1.635446310043335 2530
1762514920140 1.906685709953308 2540
1762514923957 1.6275702714920044 2550
1762514935196 1.405914545059204 2560
1762514938979 1.7533766031265259 2570
1762514942795 1.858340859413147 2580
1762514946616 1.7146446704864502 2590
1762514950430 1.6222023963928223 2600
1762514961725 2.0268445014953613 2610
1762514965534 1.3680219650268555 2620
1762514969354 1.3412549495697021 2630
1762514973166 1.64158034324646 2640
1762514976989 1.8553777933120728 2650
1762514988268 1.640392780303955 2660
1762514992078 1.6615233421325684 2670
1762514995892 1.2418699264526367 2680
1762514999703 2.112823486328125 2690
1762515003517 1.7692649364471436 2700
1762515014808 1.818053960800171 2710
1762515018618 1.7092012166976929 2720
1762515022425 1.8540652990341187 2730
1762515026208 1.340345859527588 2740
1762515030024 1.9456418752670288 2750
1762515042039 2.445225715637207 2760
1762515045835 2.170168876647949 2770
1762515049639 1.719478964805603 2780
1762515053456 2.451406240463257 2790
1762515057271 2.5752642154693604 2800
1762515068511 1.4229323863983154 2810
1762515072320 1.968415379524231 2820
1762515076123 2.094311237335205 2830
1762515079939 1.5663336515426636 2840
1762515083750 1.846598505973816 2850
1762515095027 1.7164134979248047 2860
1762515098858 1.9424808025360107 2870
1762515102659 1.3093878030776978 2880
1762515106482 1.5128843784332275 2890
1762515110304 2.0753748416900635 2900
1762515121595 1.1524546146392822 2910
1762515125415 1.483605980873108 2920
1762515129231 2.1326138973236084 2930
1762515133047 2.2605037689208984 2940
1762515136843 2.0282676219940186 2950
1762515148127 2.496835708618164 2960
1762515151935 1.4835761785507202 2970
1762515155747 1.735646367073059 2980
1762515159530 1.9497358798980713 2990
1762515163350 1.8754628896713257 3000
1762536340616 2.0052881240844727 3010
1762536344433 2.863126277923584 3020
1762536348240 1.4945310354232788 3030
1762536352044 1.5403920412063599 3040
1762536355871 1.8616756200790405 3050
1762536367174 1.7276867628097534 3060
1762536370981 1.4554576873779297 3070
1762536374783 2.165572166442871 3080
1762536378592 1.6129250526428223 3090
1762536382383 1.9364280700683594 3100
1762536393678 1.5019845962524414 3110
1762536397469 2.151355504989624 3120
1762536401266 1.996596097946167 3130
1762536405081 1.4477673768997192 3140
1762536408898 1.604251742362976 3150
1762536420157 2.0081546306610107 3160
1762536423949 1.7815546989440918 3170
1762536427749 2.0976078510284424 3180
1762536431576 1.890974998474121 3190
1762536435366 1.2379264831542969 3200
1762536446611 2.4077587127685547 3210
1762536450428 1.7953616380691528 3220
1762536454231 1.5809885263442993 3230
1762536458063 1.640586018562317 3240
1762536461880 1.4091345071792603 3250
1762536473936 2.027082920074463 3260
1762536477753 1.386933445930481 3270
1762536481545 1.693284273147583 3280
1762536485368 1.568912148475647 3290
1762536489172 2.4469759464263916 3300
1762536500453 1.8190160989761353 3310
1762536504287 2.0418381690979004 3320
1762536508084 1.7613556385040283 3330
1762536511872 1.5416533946990967 3340
1762536515671 1.6740974187850952 3350
1762536526930 2.565605640411377 3360
1762536530749 2.255730390548706 3370
1762536534570 1.8430451154708862 3380
1762536538386 1.8426539897918701 3390
1762536542194 1.471189260482788 3400
1762536553460 1.7602804899215698 3410
1762536557280 1.9722377061843872 3420
1762536561102 1.7507200241088867 3430
1762536564895 1.4117791652679443 3440
1762536568706 1.8095682859420776 3450
1762536579984 1.728355050086975 3460
1762536583841 1.7070120573043823 3470
1762536587672 1.985694169998169 3480
1762536591493 1.5138981342315674 3490
1762536595315 1.6146047115325928 3500
1762536607277 1.3135749101638794 3510
1762536611071 1.597727656364441 3520
1762536614890 1.5688660144805908 3530
1762536618704 1.8202284574508667 3540
1762536622517 1.6446441411972046 3550
1762536633794 2.074979066848755 3560
1762536637583 1.5686800479888916 3570
1762536641402 1.7321964502334595 3580
1762536645219 2.120795488357544 3590
1762536649053 1.831383228302002 3600
1762536660300 1.6318880319595337 3610
1762536664110 1.7121596336364746 3620
1762536667922 1.5177948474884033 3630
1762536671737 1.9064109325408936 3640
1762536675563 1.491409420967102 3650
1762536686836 1.7224531173706055 3660
1762536690646 1.9830706119537354 3670
1762536694465 1.7979975938796997 3680
1762536698284 2.2037980556488037 3690
1762536702090 1.731431007385254 3700
1762536713360 1.5667203664779663 3710
1762536717186 1.6193628311157227 3720
1762536721000 1.4963369369506836 3730
1762536724807 1.734599232673645 3740
1762536728624 1.432918667793274 3750
1762536740983 1.5757249593734741 3760
1762536744785 1.561651349067688 3770
1762536748611 2.0742762088775635 3780
1762536752439 1.317693829536438 3790
1762536756236 1.51261568069458 3800
1762542704073 1.8952453136444092 3810
