1762494361132 4.9999608002857744e-05 10
1762494364951 4.9998432023723915e-05 20
1762494368749 4.9996472099476943e-05 30
1762494372567 4.999372829157962e-05 40
1762494376353 4.999020068607712e-05 50
1762494387846 4.9985889393594345e-05 60
1762494391652 4.998079454933244e-05 70
1762494395449 4.997491631306458e-05 80
1762494399261 4.996825486913088e-05 90
1762494403043 4.996081042643271e-05 100
1762494414301 4.995258321842611e-05 110
1762494418119 4.99435735031144e-05 120
1762494421908 4.9933781563040236e-05 130
1762494425714 4.99232077052766e-05 140
1762494429525 4.991185226141725e-05 150
1762494440791 4.989971558756632e-05 160
1762494444609 4.988679806432712e-05 170
1762494448418 4.9873100096790226e-05 180
1762494452206 4.985862211452077e-05 190
1762494455995 4.984336457154497e-05 200
1762494467264 4.9827327946335875e-05 210
1762494471090 4.98105127417984e-05 220
1762494474891 4.9792919485253494e-05 230
1762494478677 4.977454872842169e-05 240
1762494482450 4.9755401047405694e-05 250
1762494494463 4.973547704267242e-05 260
1762494498299 4.97147773390341e-05 270
1762494502130 4.96933025856287e-05 280
1762494505948 4.9671053455899584e-05 290
1762494509746 4.964803064757438e-05 300
1762494521018 4.9624234882643084e-05 310
1762494524830 4.959966690733544e-05 320
1762494528648 4.957432749209755e-05 330
1762494532470 4.9548217431567665e-05 340
1762494536275 4.952133754455134e-05 350
1762494547513 4.949368867399567e-05 360
1762494551316 4.94652716869629e-05 370
1762494555123 4.943608747460328e-05 380
1762494558912 4.9406136952127015e-05 390
1762494562700 4.937542105877564e-05 400
1762494573956 4.934394075779256e-05 410
1762494577752 4.931169703639282e-05 420
1762494581557 4.927869090573214e-05 430
1762494585374 4.9244923400875245e-05 440
1762494589188 4.921039558076335e-05 450
1762494600447 4.9175108528181e-05 460
1762494604255 4.9139063349722113e-05 470
1762494608082 4.910226117575524e-05 480
1762494611872 4.906470316038814e-05 490
1762494615651 4.902639048143159e-05 500
1762494627569 4.898732434036244e-05 510
1762494631364 4.894750596228594e-05 520
1762494635170 4.890693659589733e-05 530
1762494638995 4.886561751344266e-05 540
1762494642819 4.882355001067892e-05 550
1762494654082 4.878073540683336e-05 560
1762494657872 4.873717504456219e-05 570
1762494661692 4.869287028990839e-05 580
1762494665505 4.8647822532258955e-05 590
1762494669328 4.860203318430126e-05 600
1762494680611 4.855550368197879e-05 610
1762494684419 4.8508235484446095e-05 620
1762494688244 4.846023007402305e-05 630
1762494692069 4.8411488956148344e-05 640
1762494695891 4.8362013659332294e-05 650
1762495865311 4.8311805735108894e-05 660
1762495869129 4.8260866757987177e-05 670
1762495872954 4.8209198325401815e-05 680
1762495876769 4.815680205766304e-05 690
1762495880594 4.810367959790584e-05 700
1762495891862 4.8049832612038384e-05 710
1762495895684 4.799526278868987e-05 720
1762495899490 4.793997183915745e-05 730
1762495903314 4.7883961497352686e-05 740
1762495907125 4.7827233519747086e-05 750
1762495919212 4.7769789685317045e-05 760
1762495923009 4.7711631795488096e-05 770
1762495926792 4.765276167407835e-05 780
1762495930600 4.759318116724138e-05 790
1762495934388 4.753289214340824e-05 800
1762495945625 4.747189649322894e-05 810
1762495949431 4.741019612951312e-05 820
1762495953248 4.734779298717009e-05 830
1762495957062 4.728468902314812e-05 840
1762495960861 4.722088621637309e-05 850
1762495972138 4.7156386567686445e-05 860
1762495975930 4.709119209978242e-05 870
1762495979745 4.702530485714461e-05 880
1762495983557 4.6958726905981906e-05 890
1762495987376 4.689146033416362e-05 900
1762495998635 4.682350725115407e-05 910
1762496002445 4.6754869787946386e-05 920
1762496006249 4.6685550096995744e-05 930
1762496010054 4.6615550352151804e-05 940
1762496013858 4.6544872748590553e-05 950
1762496025113 4.6473519502745476e-05 960
1762496028905 4.640149285223806e-05 970
1762496032691 4.6328795055807595e-05 980
1762496036473 4.625542839324036e-05 990
1762496040268 4.618139516529811e-05 1000
1762496052214 4.6106697693645955e-05 1010
1762496056016 4.6031338320779534e-05 1020
1762496059803 4.595531940995154e-05 1030
1762496063581 4.5878643345097644e-05 1040
1762496067391 4.580131253076171e-05 1050
1762496078608 4.5723329392020396e-05 1060
1762496082398 4.5644696374407105e-05 1070
1762496086177 4.5565415943835285e-05 1080
1762496089957 4.5485490586521116e-05 1090
1762496093741 4.540492280890555e-05 1100
1762496104992 4.532371513757564e-05 1110
1762496108798 4.5241870119185426e-05 1120
1762496112600 4.515939032037595e-05 1130
1762496116417 4.507627832769486e-05 1140
1762496120230 4.4992536747515234e-05 1150
1762496131505 4.49081682059539e-05 1160
1762496135301 4.482317534878901e-05 1170
1762496139110 4.4737560841377146e-05 1180
1762496142915 4.465132736856969e-05 1190
1762496146739 4.456447763462863e-05 1200
1762496158016 4.447701436314176e-05 1210
1762496161811 4.43889402969373e-05 1220
1762496165627 4.43002581979978e-05 1230
1762496169434 4.4210970847373636e-05 1240
1762496173249 4.412108104509569e-05 1250
1762496185188 4.4030591610087624e-05 1260
1762496189008 4.393950538007743e-05 1270
1762496192827 4.3847825211508456e-05 1280
1762496196649 4.375555397944983e-05 1290
1762496200454 4.3662694577506286e-05 1300
1762496211719 4.356924991772745e-05 1310
1762496215515 4.347522293051648e-05 1320
1762496219343 4.338061656453821e-05 1330
1762496223164 4.328543378662664e-05 1340
1762496226982 4.318967758169192e-05 1350
1762496238246 4.309335095262676e-05 1360
1762496242048 4.299645692021221e-05 1370
1762496245846 4.289899852302298e-05 1380
1762496249636 4.2800978817332136e-05 1390
1762496253415 4.270240087701522e-05 1400
1762496264656 4.260326779345393e-05 1410
1762496268441 4.250358267543907e-05 1420
1762496272232 4.2403348649073174e-05 1430
1762496276015 4.2302568857672375e-05 1440
1762496279809 4.220124646166791e-05 1450
1762496291058 4.209938463850695e-05 1460
1762496294852 4.199698658255298e-05 1470
1762496298673 4.189405550498561e-05 1480
1762496302478 4.1790594633699917e-05 1490
1762496306285 4.168660721320517e-05 1500
1762496318207 4.1582096504523105e-05 1510
1762496322005 4.1477065785085634e-05 1520
1762496325844 4.137151834863213e-05 1530
1762496329655 4.126545750510605e-05 1540
1762502113071 4.1158886580551224e-05 1550
1762502124381 4.105180891700746e-05 1560
1762502128197 4.094422787240581e-05 1570
1762502132010 4.083614682046324e-05 1580
1762502135823 4.072756915057683e-05 1590
1762502139643 4.0618498267717494e-05 1600
1762502150933 4.050893759232317e-05 1610
1762502154762 4.039889056019159e-05 1620
1762502158571 4.028836062237254e-05 1630
1762502162390 4.017735124505958e-05 1640
1762502166194 4.0065865909481417e-05 1650
1762502177449 3.995390811179267e-05 1660
1762502181269 3.984148136296431e-05 1670
1762502185091 3.972858918867344e-05 1680
1762502188915 3.961523512919286e-05 1690
1762502192727 3.9501422739279956e-05 1700
1762502203995 3.938715558806525e-05 1710
1762502207803 3.9272437258940494e-05 1720
1762502211600 3.9157271349446254e-05 1730
1762502215413 3.904166147115912e-05 1740
1762502219232 3.892561124957844e-05 1750
1762502231270 3.880912432401265e-05 1760
1762502235064 3.869220434746509e-05 1770
1762502238861 3.857485498651949e-05 1780
1762502242667 3.8457079921224994e-05 1790
1762502246481 3.833888284498071e-05 1800
1762502257754 3.8220267464419946e-05 1810
1762502261571 3.81012374992939e-05 1820
1762502265387 3.798179668235508e-05 1830
1762502269198 3.786194875924019e-05 1840
1762502273004 3.774169748835269e-05 1850
1762502284276 3.7621046640744975e-05 1860
1762502288076 3.7500000000000003e-05 1870
1762502291886 3.737856136211279e-05 1880
1762502295695 3.7256734535371225e-05 1890
1762502299516 3.713452334023676e-05 1900
1762502310803 3.7011931609224546e-05 1910
1762502314615 3.6888963186783224e-05 1920
1762502318432 3.67656219291744e-05 1930
1762502322238 3.6641911704351734e-05 1940
1762502326056 3.6517836391839586e-05 1950
1762502337322 3.6393399882611394e-05 1960
1762502341112 3.626860607896764e-05 1970
1762502344910 3.6143458894413465e-05 1980
1762502348704 3.6017962253535964e-05 1990
1762502352508 3.589212009188112e-05 2000
1762502364466 3.5765936355830356e-05 2010
1762502368285 3.563941500247676e-05 2020
1762502372085 3.5512559999501064e-05 2030
1762502375892 3.5385375325047166e-05 2040
1762502379707 3.525786496759736e-05 2050
1762502390955 3.5130032925847335e-05 2060
1762502394752 3.5001883208580665e-05 2070
1762502398550 3.4873419834543205e-05 2080
1762502402357 3.474464683231698e-05 2090
1762502406170 3.461556824019392e-05 2100
1762502417470 3.448618810604916e-05 2110
1762502421276 3.43565104872141e-05 2120
1762502425081 3.422653945034925e-05 2130
1762502428896 3.4096279071316606e-05 2140
1762502432720 3.3965733435051866e-05 2150
1762502444001 3.383490663543635e-05 2160
1762502447799 3.370380277516858e-05 2170
1762502451620 3.357242596563563e-05 2180
1762502455420 3.344078032678422e-05 2190
1762502459241 3.330886998699149e-05 2200
1762502470523 3.3176699082935545e-05 2210
1762502474334 3.30442717594657e-05 2220
1762502478153 3.2911592169472566e-05 2230
1762502481976 3.277866447375774e-05 2240
1762502485788 3.264549284090336e-05 2250
1762502497703 3.2512081447141406e-05 2260
1762502501505 3.2378434476222666e-05 2270
1762502505306 3.2244556119285616e-05 2280
1762502509104 3.211045057472491e-05 2290
1762514790077 3.197612204805976e-05 2300
1762514801347 3.1841574751802076e-05 2310
1762514805163 3.1706812905324276e-05 2320
1762514808992 3.157184073472709e-05 2330
1762514812811 3.1436662472706895e-05 2340
1762514816648 3.130128235842311e-05 2350
1762514827925 3.1165704637365164e-05 2360
1762514831748 3.1029933561219375e-05 2370
1762514835570 3.0893973387735687e-05 2380
1762514839387 3.075782838059402e-05 2390
1762514843210 3.06215028092707e-05 2400
1762514854447 3.0485000948904462e-05 2410
1762514858246 3.0348327080162435e-05 2420
1762514862062 3.0211485489105917e-05 2430
1762514866025 3.0074480467055905e-05 2440
1762514869843 2.9937316310458574e-05 2450
1762514881122 2.9799997320750507e-05 2460
1762514884946 2.9662527804223827e-05 2470
1762514888735 2.9524912071891164e-05 2480
1762514892525 2.9387154439350406e-05 2490
1762514896325 2.9249259226649417e-05 2500
1762514908693 2.9111230758150543e-05 2510
1762514912517 2.8973073362394998e-05 2520
1762514916326 2.8834791371967142e-05 2530
1762514920140 2.8696389123358553e-05 2540
1762514923957 2.8557870956832132e-05 2550
1762514935196 2.8419241216285902e-05 2560
1762514938979 2.828050424911683e-05 2570
1762514942795 2.8141664406084495e-05 2580
1762514946616 2.800272604117463e-05 2590
1762514950430 2.7863693511462603e-05 2600
1762514961725 2.7724571176976732e-05 2610
1762514965534 2.7585363400561658e-05 2620
1762514969354 2.7446074547741408e-05 2630
1762514973166 2.7306708986582553e-05 2640
1762514976989 2.7167271087557244e-05 2650
1762514988268 2.70277652234061e-05 2660
1762514992078 2.6888195769001146e-05 2670
1762514995892 2.6748567101208548e-05 2680
1762514999703 2.660888359875141e-05 2690
1762515003517 2.646914964207245e-05 2700
1762515014808 2.6329369613196574e-05 2710
1762515018618 2.6189547895593562e-05 2720
1762515022425 2.604968887404049e-05 2730
1762515026208 2.5909796934484308e-05 2740
1762515030024 2.5769876463904265e-05 2750
1762515042039 2.562993185017431e-05 2760
1762515045835 2.548996748192556e-05 2770
1762515049639 2.534998774840859e-05 2780
1762515053456 2.5209997039355837e-05 2790
1762515057271 2.5069999744843948e-05 2800
1762515068511 2.493000025515606e-05 2810
1762515072320 2.479000296064417e-05 2820
1762515076123 2.465001225159141e-05 2830
1762515079939 2.4510032518074443e-05 2840
1762515083750 2.437006814982569e-05 2850
1762515095027 2.4230123536095748e-05 2860
1762515098858 2.4090203065515695e-05 2870
1762515102659 2.395031112595951e-05 2880
1762515106482 2.3810452104406444e-05 2890
1762515110304 2.3670630386803425e-05 2900
1762515121595 2.353085035792756e-05 2910
1762515125415 2.339111640124859e-05 2920
1762515129231 2.3251432898791454e-05 2930
1762515133047 2.3111804230998863e-05 2940
1762515136843 2.29722347765939e-05 2950
1762515148127 2.283272891244277e-05 2960
1762515151935 2.2693291013417453e-05 2970
1762515155747 2.2553925452258595e-05 2980
1762515159530 2.2414636599438345e-05 2990
1762515163350 2.2275428823023263e-05 3000
1762536340616 2.2136306488537413e-05 3010
1762536344433 2.1997273958825375e-05 3020
1762536348240 2.1858335593915504e-05 3030
1762536352044 2.1719495750883172e-05 3040
1762536355871 2.1580758783714104e-05 3050
1762536367174 2.1442129043167874e-05 3060
1762536370981 2.130361087664145e-05 3070
1762536374783 2.116520862803286e-05 3080
1762536378592 2.1026926637605008e-05 3090
1762536382383 2.088876924184946e-05 3100
1762536393678 2.0750740773350592e-05 3110
1762536397469 2.0612845560649603e-05 3120
1762536401266 2.0475087928108835e-05 3130
1762536405081 2.033747219577618e-05 3140
1762536408898 2.02000026792495e-05 3150
1762536420157 2.006268368954144e-05 3160
1762536423949 1.9925519532944104e-05 3170
1762536427749 1.9788514510894082e-05 3180
1762536431576 1.965167291983757e-05 3190
1762536435366 1.9514999051095544e-05 3200
1762536446611 1.937849719072931e-05 3210
1762536450428 1.9242171619405986e-05 3220
1762536454231 1.9106026612264316e-05 3230
1762536458063 1.8970066438780628e-05 3240
1762536461880 1.8834295362634842e-05 3250
1762536473936 1.8698717641576897e-05 3260
1762536477753 1.856333752729311e-05 3270
1762536481545 1.8428159265272917e-05 3280
1762536485368 1.829318709467573e-05 3290
1762536489172 1.815842524819793e-05 3300
1762536500453 1.8023877951940237e-05 3310
1762536504287 1.7889549425275093e-05 3320
1762536508084 1.7755443880714383e-05 3330
1762536511872 1.762156552377734e-05 3340
1762536515671 1.74879185528586e-05 3350
1762536526930 1.7354507159096647e-05 3360
1762536530749 1.722133552624227e-05 3370
1762536534570 1.7088407830527443e-05 3380
1762536538386 1.6955728240534305e-05 3390
1762536542194 1.682330091706446e-05 3400
1762536553460 1.6691130013008514e-05 3410
1762536557280 1.6559219673215784e-05 3420
1762536561102 1.6427574034364378e-05 3430
1762536564895 1.6296197224831435e-05 3440
1762536568706 1.6165093364563654e-05 3450
1762536579984 1.6034266564948137e-05 3460
1762536583841 1.59037209286834e-05 3470
1762536587672 1.5773460549650753e-05 3480
1762536591493 1.564348951278591e-05 3490
1762536595315 1.551381189395085e-05 3500
1762536607277 1.5384431759806083e-05 3510
1762536611071 1.5255353167683017e-05 3520
1762536614890 1.5126580165456799e-05 3530
1762536618704 1.4998116791419342e-05 3540
1762536622517 1.4869967074152669e-05 3550
1762536633794 1.474213503240264e-05 3560
1762536637583 1.4614624674952842e-05 3570
1762536641402 1.4487440000498939e-05 3580
1762536645219 1.4360584997523252e-05 3590
1762536649053 1.4234063644169654e-05 3600
1762536660300 1.4107879908118873e-05 3610
1762536664110 1.3982037746464043e-05 3620
1762536667922 1.3856541105586545e-05 3630
1762536671737 1.3731393921032376e-05 3640
1762536675563 1.3606600117388607e-05 3650
1762536686836 1.3482163608160408e-05 3660
1762536690646 1.3358088295648274e-05 3670
1762536694465 1.3234378070825603e-05 3680
1762536698284 1.3111036813216792e-05 3690
1762536702090 1.298806839077546e-05 3700
1762536713360 1.2865476659763231e-05 3710
1762536717186 1.2743265464628786e-05 3720
1762536721000 1.2621438637887222e-05 3730
1762536724807 1.2500000000000006e-05 3740
1762536728624 1.2378953359255036e-05 3750
1762536740983 1.2258302511647312e-05 3760
1762536744785 1.2138051240759826e-05 3770
1762536748611 1.201820331764493e-05 3780
1762536752439 1.189876250070611e-05 3790
1762536756236 1.177973253558006e-05 3800
1762542704073 1.1661117155019293e-05 3810
