1762494361132 4.6743 10
1762494364951 3.7236 20
1762494368749 2.9303 30
1762494372567 2.3006 40
1762494376353 1.6328 50
1762494387846 1.1273 60
1762494391652 0.8974 70
1762494395449 0.7932 80
1762494399261 0.7551 90
1762494403043 0.6891 100
1762494414301 0.6662 110
1762494418119 0.6538 120
1762494421908 0.6078 130
1762494425714 0.606 140
1762494429525 0.596 150
1762494440791 0.5783 160
1762494444609 0.5521 170
1762494448418 0.5428 180
1762494452206 0.5419 190
1762494455995 0.5415 200
1762494467264 0.5223 210
1762494471090 0.5128 220
1762494474891 0.5151 230
1762494478677 0.5086 240
1762494482450 0.5119 250
1762494494463 0.487 260
1762494498299 0.4824 270
1762494502130 0.4958 280
1762494505948 0.4926 290
1762494509746 0.4559 300
1762494521018 0.4782 310
1762494524830 0.4616 320
1762494528648 0.4561 330
1762494532470 0.4335 340
1762494536275 0.4665 350
1762494547513 0.4404 360
1762494551316 0.4431 370
1762494555123 0.4524 380
1762494558912 0.4659 390
1762494562700 0.4445 400
1762494573956 0.4377 410
1762494577752 0.44 420
1762494581557 0.428 430
1762494585374 0.4483 440
1762494589188 0.415 450
1762494600447 0.4381 460
1762494604255 0.4213 470
1762494608082 0.4338 480
1762494611872 0.4312 490
1762494615651 0.4469 500
1762494627569 0.4204 510
1762494631364 0.4346 520
1762494635170 0.4069 530
1762494638995 0.4223 540
1762494642819 0.4194 550
1762494654082 0.4215 560
1762494657872 0.3951 570
1762494661692 0.4175 580
1762494665505 0.3962 590
1762494669328 0.4178 600
1762494680611 0.4102 610
1762494684419 0.4147 620
1762494688244 0.4224 630
1762494692069 0.3908 640
1762494695891 0.3946 650
1762495865311 0.4076 660
1762495869129 0.4262 670
1762495872954 0.3903 680
1762495876769 0.405 690
1762495880594 0.4144 700
1762495891862 0.3885 710
1762495895684 0.4124 720
1762495899490 0.413 730
1762495903314 0.4059 740
1762495907125 0.4006 750
1762495919212 0.4016 760
1762495923009 0.4047 770
1762495926792 0.3835 780
1762495930600 0.392 790
1762495934388 0.388 800
1762495945625 0.3804 810
1762495949431 0.4019 820
1762495953248 0.381 830
1762495957062 0.3838 840
1762495960861 0.3811 850
1762495972138 0.3895 860
1762495975930 0.3775 870
1762495979745 0.3891 880
1762495983557 0.3938 890
1762495987376 0.4084 900
1762495998635 0.3867 910
1762496002445 0.3932 920
1762496006249 0.3784 930
1762496010054 0.3984 940
1762496013858 0.3774 950
1762496025113 0.3913 960
1762496028905 0.376 970
1762496032691 0.359 980
1762496036473 0.3722 990
1762496040268 0.3795 1000
1762496052214 0.3688 1010
1762496056016 0.3626 1020
1762496059803 0.3895 1030
1762496063581 0.3808 1040
1762496067391 0.3725 1050
1762496078608 0.3824 1060
1762496082398 0.3737 1070
1762496086177 0.3802 1080
1762496089957 0.3687 1090
1762496093741 0.3681 1100
1762496104992 0.3677 1110
1762496108798 0.381 1120
1762496112600 0.3538 1130
1762496116417 0.3559 1140
1762496120230 0.3572 1150
1762496131505 0.3807 1160
1762496135301 0.3604 1170
1762496139110 0.3507 1180
1762496142915 0.3601 1190
1762496146739 0.3451 1200
1762496158016 0.3647 1210
1762496161811 0.3676 1220
1762496165627 0.3517 1230
1762496169434 0.3435 1240
1762496173249 0.357 1250
1762496185188 0.3675 1260
1762496189008 0.357 1270
1762496192827 0.3542 1280
1762496196649 0.3391 1290
1762496200454 0.349 1300
1762496211719 0.342 1310
1762496215515 0.3359 1320
1762496219343 0.3376 1330
1762496223164 0.3251 1340
1762496226982 0.3172 1350
1762496238246 0.3279 1360
1762496242048 0.3161 1370
1762496245846 0.3107 1380
1762496249636 0.2995 1390
1762496253415 0.2987 1400
1762496264656 0.2876 1410
1762496268441 0.2943 1420
1762496272232 0.2718 1430
1762496276015 0.2818 1440
1762496279809 0.273 1450
1762496291058 0.282 1460
1762496294852 0.2646 1470
1762496298673 0.2631 1480
1762496302478 0.2586 1490
1762496306285 0.26 1500
1762496318207 0.2462 1510
1762496322005 0.2424 1520
1762496325844 0.2393 1530
1762496329655 0.2427 1540
1762502113071 0.242 1550
1762502124381 0.2542 1560
1762502128197 0.238 1570
1762502132010 0.2321 1580
1762502135823 0.2415 1590
1762502139643 0.245 1600
1762502150933 0.2334 1610
1762502154762 0.2372 1620
1762502158571 0.2564 1630
1762502162390 0.2387 1640
1762502166194 0.2384 1650
1762502177449 0.2395 1660
1762502181269 0.2515 1670
1762502185091 0.2325 1680
1762502188915 0.2224 1690
1762502192727 0.228 1700
1762502203995 0.2246 1710
1762502207803 0.2323 1720
1762502211600 0.2305 1730
1762502215413 0.2483 1740
1762502219232 0.2284 1750
1762502231270 0.2269 1760
1762502235064 0.2298 1770
1762502238861 0.2291 1780
1762502242667 0.2254 1790
1762502246481 0.2369 1800
1762502257754 0.2238 1810
1762502261571 0.2258 1820
1762502265387 0.2218 1830
1762502269198 0.2255 1840
1762502273004 0.2339 1850
1762502284276 0.2358 1860
1762502288076 0.2388 1870
1762502291886 0.2202 1880
1762502295695 0.2218 1890
1762502299516 0.2115 1900
1762502310803 0.2171 1910
1762502314615 0.2223 1920
1762502318432 0.2166 1930
1762502322238 0.2296 1940
1762502326056 0.2298 1950
1762502337322 0.2228 1960
1762502341112 0.2272 1970
1762502344910 0.217 1980
1762502348704 0.2285 1990
1762502352508 0.2195 2000
1762502364466 0.23 2010
1762502368285 0.221 2020
1762502372085 0.2235 2030
1762502375892 0.2242 2040
1762502379707 0.2219 2050
1762502390955 0.2179 2060
1762502394752 0.2203 2070
1762502398550 0.2179 2080
1762502402357 0.2157 2090
1762502406170 0.2169 2100
1762502417470 0.2119 2110
1762502421276 0.2258 2120
1762502425081 0.2088 2130
1762502428896 0.2112 2140
1762502432720 0.2148 2150
1762502444001 0.2223 2160
1762502447799 0.2117 2170
1762502451620 0.2193 2180
1762502455420 0.2139 2190
1762502459241 0.2158 2200
1762502470523 0.2098 2210
1762502474334 0.2186 2220
1762502478153 0.2124 2230
1762502481976 0.2226 2240
1762502485788 0.2106 2250
1762502497703 0.2121 2260
1762502501505 0.2052 2270
1762502505306 0.2094 2280
1762502509104 0.2147 2290
1762514790077 0.2083 2300
1762514801347 0.211 2310
1762514805163 0.208 2320
1762514808992 0.2041 2330
1762514812811 0.2144 2340
1762514816648 0.2117 2350
1762514827925 0.2198 2360
1762514831748 0.2106 2370
1762514835570 0.2072 2380
1762514839387 0.2146 2390
1762514843210 0.206 2400
1762514854447 0.2074 2410
1762514858246 0.2139 2420
1762514862062 0.2129 2430
1762514866025 0.2065 2440
1762514869843 0.2021 2450
1762514881122 0.1976 2460
1762514884946 0.2118 2470
1762514888735 0.2052 2480
1762514892525 0.2021 2490
1762514896325 0.2065 2500
1762514908693 0.1988 2510
1762514912517 0.2071 2520
1762514916326 0.2089 2530
1762514920140 0.2115 2540
1762514923957 0.1992 2550
1762514935196 0.2112 2560
1762514938979 0.1966 2570
1762514942795 0.2162 2580
1762514946616 0.2069 2590
1762514950430 0.2076 2600
1762514961725 0.2015 2610
1762514965534 0.2018 2620
1762514969354 0.1969 2630
1762514973166 0.2019 2640
1762514976989 0.2023 2650
1762514988268 0.205 2660
1762514992078 0.2138 2670
1762514995892 0.1843 2680
1762514999703 0.1982 2690
1762515003517 0.2031 2700
1762515014808 0.1949 2710
1762515018618 0.1957 2720
1762515022425 0.1957 2730
1762515026208 0.1967 2740
1762515030024 0.2034 2750
1762515042039 0.2063 2760
1762515045835 0.2131 2770
1762515049639 0.208 2780
1762515053456 0.2018 2790
1762515057271 0.1954 2800
1762515068511 0.1989 2810
1762515072320 0.1894 2820
1762515076123 0.1939 2830
1762515079939 0.1992 2840
1762515083750 0.1958 2850
1762515095027 0.2001 2860
1762515098858 0.1942 2870
1762515102659 0.1949 2880
1762515106482 0.1917 2890
1762515110304 0.1871 2900
1762515121595 0.1974 2910
1762515125415 0.1978 2920
1762515129231 0.2032 2930
1762515133047 0.2007 2940
1762515136843 0.1983 2950
1762515148127 0.2041 2960
1762515151935 0.2047 2970
1762515155747 0.2013 2980
1762515159530 0.1987 2990
1762515163350 0.1868 3000
1762536340616 0.192 3010
1762536344433 0.1887 3020
1762536348240 0.1874 3030
1762536352044 0.1952 3040
1762536355871 0.1922 3050
1762536367174 0.2008 3060
1762536370981 0.1947 3070
1762536374783 0.1974 3080
1762536378592 0.1893 3090
1762536382383 0.1991 3100
1762536393678 0.1901 3110
1762536397469 0.1956 3120
1762536401266 0.1905 3130
1762536405081 0.1968 3140
1762536408898 0.1881 3150
1762536420157 0.1903 3160
1762536423949 0.1996 3170
1762536427749 0.1904 3180
1762536431576 0.1817 3190
1762536435366 0.1871 3200
1762536446611 0.1918 3210
1762536450428 0.1874 3220
1762536454231 0.1846 3230
1762536458063 0.1929 3240
1762536461880 0.1871 3250
1762536473936 0.1891 3260
1762536477753 0.1899 3270
1762536481545 0.1927 3280
1762536485368 0.1831 3290
1762536489172 0.1937 3300
1762536500453 0.1899 3310
1762536504287 0.1857 3320
1762536508084 0.195 3330
1762536511872 0.1916 3340
1762536515671 0.1893 3350
1762536526930 0.1945 3360
1762536530749 0.1914 3370
1762536534570 0.1802 3380
1762536538386 0.1869 3390
1762536542194 0.1791 3400
1762536553460 0.1823 3410
1762536557280 0.1797 3420
1762536561102 0.1895 3430
1762536564895 0.1819 3440
1762536568706 0.1833 3450
1762536579984 0.1859 3460
1762536583841 0.189 3470
1762536587672 0.1873 3480
1762536591493 0.1854 3490
1762536595315 0.1901 3500
1762536607277 0.1874 3510
1762536611071 0.1872 3520
1762536614890 0.1892 3530
1762536618704 0.1967 3540
1762536622517 0.1865 3550
1762536633794 0.1849 3560
1762536637583 0.1842 3570
1762536641402 0.1792 3580
1762536645219 0.1812 3590
1762536649053 0.176 3600
1762536660300 0.1832 3610
1762536664110 0.1785 3620
1762536667922 0.1963 3630
1762536671737 0.189 3640
1762536675563 0.1822 3650
1762536686836 0.1826 3660
1762536690646 0.1838 3670
1762536694465 0.1787 3680
1762536698284 0.1836 3690
1762536702090 0.1898 3700
1762536713360 0.1862 3710
1762536717186 0.1848 3720
1762536721000 0.1813 3730
1762536724807 0.1828 3740
1762536728624 0.1758 3750
1762536740983 0.1836 3760
1762536744785 0.1812 3770
1762536748611 0.1762 3780
1762536752439 0.177 3790
1762536756236 0.1768 3800
1762542704073 0.1844 3810
