1762494361132 0.409677105396986 10
1762494364951 0.46328836381435395 20
1762494368749 0.5425916478037834 30
1762494372567 0.6372771069407464 40
1762494387846 0.7706718169152736 60
1762494391652 0.8360653802752495 70
1762494395449 0.8533211022615432 80
1762494399261 0.8677723973989486 90
1762494414301 0.8796964019536972 110
1762494418119 0.884320504963398 120
1762494421908 0.8910479381680488 130
1762494425714 0.8910168826580047 140
1762494440791 0.8941282838582992 160
1762494444609 0.9031875699758529 170
1762494448418 0.9038491293787956 180
1762494452206 0.9041272550821304 190
1762494467264 0.907303985953331 210
1762494471090 0.9086818665266037 220
1762494474891 0.909691235423088 230
1762494478677 0.911951071023941 240
1762494494463 0.9128023087978363 260
1762494498299 0.9150301188230514 270
1762494502130 0.9142332211136818 280
1762494505948 0.914834363758564 290
1762494521018 0.9190588638186454 310
1762494524830 0.9177769511938095 320
1762494528648 0.9223369210958481 330
1762494532470 0.924774344265461 340
1762494547513 0.9223553858697414 360
1762494551316 0.9231628105044365 370
1762494555123 0.9208877265453339 380
1762494558912 0.9201000019907951 390
1762494573956 0.9235982559621334 410
1762494577752 0.9246242791414261 420
1762494581557 0.9244259178638459 430
1762494585374 0.9201510652899743 440
1762494600447 0.9256187669932843 460
1762494604255 0.9269578188657761 470
1762494608082 0.9224502936005592 480
1762494611872 0.9231026023626328 490
1762494627569 0.9240595579147339 510
1762494631364 0.9258438214659691 520
1762494635170 0.9291647762060166 530
1762494638995 0.9257797554135323 540
1762494654082 0.9250417865812779 560
1762494657872 0.9305122211575508 570
1762494661692 0.9261178076267242 580
1762494665505 0.9300164669752121 590
1762494680611 0.9277510136365891 610
1762494684419 0.9243694901466369 620
1762494688244 0.926599295437336 630
1762494692069 0.9297711819410324 640
1762495865311 0.9286955051124096 660
1762495869129 0.924452756345272 670
1762495872954 0.9303871512413024 680
1762495876769 0.9293358877301217 690
1762495891862 0.9283747978508472 710
1762495895684 0.9267369329929351 720
1762495899490 0.9274093315005303 730
1762495903314 0.9286008089780807 740
1762495919212 0.9295725703239441 760
1762495923009 0.9257069230079651 770
1762495926792 0.9330289408564567 780
1762495930600 0.9296146512031556 790
1762495945625 0.9307510204613209 810
1762495949431 0.9275643691420555 820
1762495953248 0.9320042699575424 830
1762495957062 0.9311966210603714 840
1762495972138 0.9319427192211152 860
1762495975930 0.9337318867444993 870
1762495979745 0.9297417968511581 880
1762495983557 0.9311726585030555 890
1762495998635 0.9289112158119679 910
1762496002445 0.9292966738343239 920
1762496006249 0.9322535425424576 930
1762496010054 0.9274104118347168 940
1762496025113 0.9314747296273709 960
1762496028905 0.9332026436924934 970
1762496032691 0.9362534672021866 980
1762496036473 0.933084887266159 990
1762496052214 0.9322723262012005 1010
1762496056016 0.9328439876437187 1020
1762496059803 0.9295770153403282 1030
1762496063581 0.9325010135769844 1040
1762496078608 0.9334611870348454 1060
1762496082398 0.9328218951821328 1070
1762496086177 0.9308786302804947 1080
1762496089957 0.9311601877212524 1090
1762496104992 0.9334134973585606 1110
1762496108798 0.9312264263629914 1120
1762496112600 0.9362896099686623 1130
1762496116417 0.9354260846972465 1140
1762496131505 0.9322457917034626 1160
1762496135301 0.9340851902961731 1170
1762496139110 0.9352106913924217 1180
1762496142915 0.9320351302623748 1190
1762496158016 0.9343594774603844 1210
1762496161811 0.9336414903402328 1220
1762496165627 0.9349068880081177 1230
1762496169434 0.9352611869573593 1240
1762496185188 0.9338439494371414 1260
1762496189008 0.9338163271546364 1270
1762496192827 0.9332471787929535 1280
1762496196649 0.9368629679083824 1290
1762496211719 0.9355882361531258 1310
1762496215515 0.9347740158438682 1320
1762496219343 0.9345838814973831 1330
1762496223164 0.9373390153050423 1340
1762496238246 0.9349770680069923 1360
1762496242048 0.9346256852149963 1370
1762496245846 0.9354377135634422 1380
1762496249636 0.9343581587076187 1390
1762496264656 0.9361458390951156 1410
1762496268441 0.9415475100278854 1420
1762496272232 0.9467972040176391 1430
1762496276015 0.9455470338463783 1440
1762496291058 0.9456633940339089 1460
1762496294852 0.9450141310691833 1470
1762496298673 0.9457441687583923 1480
1762496302478 0.9436841994524002 1490
1762496318207 0.9443191297352314 1510
1762496322005 0.946392084658146 1520
1762496325844 0.9475797474384308 1530
1762496329655 0.9472802847623825 1540
1762502124381 0.9450659930706025 1560
1762502128197 0.9468124017119408 1570
1762502132010 0.9499538689851761 1580
1762502135823 0.9470506116747857 1590
1762502150933 0.9465629637241364 1610
1762502154762 0.9479023844003678 1620
1762502158571 0.9422851279377937 1630
1762502162390 0.9475650086998939 1640
1762502177449 0.9468672655522823 1660
1762502181269 0.9456810668110848 1670
1762502185091 0.948762771487236 1680
1762502188915 0.9494230881333351 1690
1762502203995 0.9483805626630784 1710
1762502207803 0.946901236474514 1720
1762502211600 0.9477173447608948 1730
1762502215413 0.9443224355578422 1740
1762502231270 0.9493169747292995 1760
1762502235064 0.948184710741043 1770
1762502238861 0.9498768806457519 1780
1762502242667 0.9492620676755905 1790
1762502257754 0.9467203289270401 1810
1762502261571 0.9487797826528549 1820
1762502265387 0.948797595500946 1830
1762502269198 0.9490324527025222 1840
1762502284276 0.9480899080634118 1860
1762502288076 0.9486849546432495 1870
1762502291886 0.9498156517744064 1880
1762502295695 0.9484979256987571 1890
1762502310803 0.9509123556315899 1910
1762502314615 0.9502398326992989 1920
1762502318432 0.9508537814021111 1930
1762502322238 0.9489727973937988 1940
1762502337322 0.9486290134489537 1960
1762502341112 0.9498055756092072 1970
1762502344910 0.9512965261936188 1980
1762502348704 0.9481679186224937 1990
1762502364466 0.9498434208333493 2010
1762502368285 0.9503412857651711 2020
1762502372085 0.9494911283254623 2030
1762502375892 0.9491742134094239 2040
1762502390955 0.950234042853117 2060
1762502394752 0.9515352636575699 2070
1762502398550 0.9506177037954331 2080
1762502402357 0.9502161741256714 2090
1762502417470 0.9510353200137616 2110
1762502421276 0.9498930603265763 2120
1762502425081 0.9503600418567657 2130
1762502428896 0.9532437339425087 2140
1762502444001 0.952013123780489 2160
1762502447799 0.9518545478582382 2170
1762502451620 0.951061463356018 2180
1762502455420 0.9499602854251862 2190
1762502470523 0.951621699333191 2210
1762502474334 0.9515339002013207 2220
1762502478153 0.9492194905877114 2230
1762502481976 0.949431163072586 2240
1762502497703 0.9517064712941646 2260
1762502501505 0.953021177649498 2270
1762502505306 0.952293150126934 2280
1762502509104 0.9513281956315041 2290
1762514801347 0.9522021807730198 2310
1762514805163 0.9526127621531486 2320
1762514808992 0.9537646189332009 2330
1762514812811 0.9530181258916854 2340
1762514827925 0.9513156116008759 2360
1762514831748 0.9523520737886428 2370
1762514835570 0.9530177131295204 2380
1762514839387 0.9506712943315506 2390
1762514854447 0.9530632629990577 2410
1762514858246 0.9511102646589279 2420
1762514862062 0.950478233397007 2430
1762514866025 0.9531668931245804 2440
1762514881122 0.95407694876194 2460
1762514884946 0.9524991929531097 2470
1762514888735 0.9529325857758522 2480
1762514892525 0.9536573752760887 2490
1762514908693 0.9539208002388477 2510
1762514912517 0.9539846897125244 2520
1762514916326 0.9530569851398468 2530
1762514920140 0.9524888828396797 2540
1762514935196 0.9526728540658951 2560
1762514938979 0.9547252357006073 2570
1762514942795 0.9504763469099998 2580
1762514946616 0.9524933457374573 2590
1762514961725 0.9533912785351276 2610
1762514965534 0.9531353279948235 2620
1762514969354 0.9537843450903892 2630
1762514973166 0.9548854529857635 2640
1762514988268 0.9523141659796238 2660
1762514992078 0.9528902292251586 2670
1762514995892 0.9575454697012902 2680
1762514999703 0.9548566192388535 2690
1762515014808 0.9538364984095097 2710
1762515018618 0.9538365170359612 2720
1762515022425 0.9540341109037399 2730
1762515026208 0.9564879432320594 2740
1762515042039 0.9519887514412403 2760
1762515045835 0.951545612514019 2770
1762515049639 0.9534100234508515 2780
1762515053456 0.953828452527523 2790
1762515068511 0.9550334058701992 2810
1762515072320 0.9554718047380447 2820
1762515076123 0.9565525114536285 2830
1762515079939 0.9550085365772247 2840
1762515095027 0.953887327760458 2860
1762515098858 0.9557840079069138 2870
1762515102659 0.9553513795137405 2880
1762515106482 0.9558662280440331 2890
1762515121595 0.9546839214861393 2910
1762515125415 0.954044759273529 2920
1762515129231 0.9541117146611213 2930
1762515133047 0.9541753679513931 2940
1762515148127 0.9538955561816692 2960
1762515151935 0.9542772009968757 2970
1762515155747 0.9528495073318481 2980
1762515159530 0.9551140442490578 2990
1762536340616 0.9563155204057694 3010
1762536344433 0.9549648657441139 3020
1762536348240 0.9568866342306137 3030
1762536352044 0.9555076733231544 3040
1762536367174 0.9542717471718788 3060
1762536370981 0.9558629602193832 3070
1762536374783 0.9538892462849617 3080
1762536378592 0.9581383049488068 3090
1762536393678 0.9551527328789234 3110
1762536397469 0.9560644045472145 3120
1762536401266 0.9563988417387008 3130
1762536405081 0.9557130888104439 3140
1762536420157 0.9561028778553009 3160
1762536423949 0.9547451823949814 3170
1762536427749 0.9564683303236962 3180
1762536431576 0.9586944490671158 3190
1762536446611 0.9559773795306683 3210
1762536450428 0.9569787666201591 3220
1762536454231 0.9576220005750656 3230
1762536458063 0.9561125189065933 3240
1762536473936 0.9575107879936695 3260
1762536477753 0.9559616178274155 3270
1762536481545 0.9563467741012573 3280
1762536485368 0.9568072974681854 3290
1762536500453 0.9562421381473541 3310
1762536504287 0.9567932456731796 3320
1762536508084 0.9570751905441284 3330
1762536511872 0.9559344604611397 3340
1762536526930 0.9551710598170757 3360
1762536530749 0.9557214438915252 3370
1762536534570 0.9584063276648521 3380
1762536538386 0.957887290418148 3390
1762536553460 0.957100186496973 3410
1762536557280 0.9579044163227082 3420
1762536561102 0.9554080173373223 3430
1762536564895 0.9583732917904854 3440
1762536579984 0.9576716981828213 3460
1762536583841 0.9576982781291008 3470
1762536587672 0.9565249025821686 3480
1762536591493 0.9568580776453018 3490
1762536607277 0.9579115852713584 3510
1762536611071 0.9577849492430687 3520
1762536614890 0.9569895088672637 3530
1762536618704 0.9559552431106567 3540
1762536633794 0.9571474336087704 3560
1762536637583 0.958017784357071 3570
1762536641402 0.9592302799224853 3580
1762536645219 0.9572708383202553 3590
1762536660300 0.9582653120160103 3610
1762536664110 0.9578837528824806 3620
1762536667922 0.9560398876667022 3630
1762536671737 0.9562149330973625 3640
1762536686836 0.9572711974382401 3660
1762536690646 0.9575913682579994 3670
1762536694465 0.9578366100788116 3680
1762536698284 0.9570531725883484 3690
1762536713360 0.9567394010722637 3710
1762536717186 0.9591656550765038 3720
1762536721000 0.9591503724455833 3730
1762536724807 0.9584639638662338 3740
1762536740983 0.9580318421125412 3760
1762536744785 0.9600715011358261 3770
1762536748611 0.9585099399089814 3780
1762536752439 0.9583816945552825 3790
1762542704073 0.9586109675467014 3810
