1762494361132 14810.0 10
1762494364951 29605.0 20
1762494368749 44326.0 30
1762494372567 59549.0 40
1762494387846 89425.0 60
1762494391652 104218.0 70
1762494395449 119154.0 80
1762494399261 134097.0 90
1762494414301 163545.0 110
1762494418119 178547.0 120
1762494421908 193609.0 130
1762494425714 208406.0 140
1762494440791 238298.0 160
1762494444609 253320.0 170
1762494448418 268378.0 180
1762494452206 282909.0 190
1762494467264 312384.0 210
1762494471090 327536.0 220
1762494474891 342328.0 230
1762494478677 357356.0 240
1762494494463 387106.0 260
1762494498299 402284.0 270
1762494502130 417248.0 280
1762494505948 431942.0 290
1762494521018 461797.0 310
1762494524830 476858.0 320
1762494528648 491906.0 330
1762494532470 506808.0 340
1762494547513 536527.0 360
1762494551316 551288.0 370
1762494555123 565911.0 380
1762494558912 581065.0 390
1762494573956 611048.0 410
1762494577752 625633.0 420
1762494581557 640501.0 430
1762494585374 655321.0 440
1762494600447 685212.0 460
1762494604255 700055.0 470
1762494608082 715110.0 480
1762494611872 730043.0 490
1762494627569 760449.0 510
1762494631364 774947.0 520
1762494635170 789745.0 530
1762494638995 804594.0 540
1762494654082 834322.0 560
1762494657872 849017.0 570
1762494661692 863965.0 580
1762494665505 878791.0 590
1762494680611 909044.0 610
1762494684419 924012.0 620
1762494688244 939175.0 630
1762494692069 954277.0 640
1762495865311 983505.0 660
1762495869129 998589.0 670
1762495872954 1013477.0 680
1762495876769 1028178.0 690
1762495891862 1058153.0 710
1762495895684 1073132.0 720
1762495899490 1087898.0 730
1762495903314 1102534.0 740
1762495919212 1131796.0 760
1762495923009 1146699.0 770
1762495926792 1161703.0 780
1762495930600 1177078.0 790
1762495945625 1206970.0 810
1762495949431 1222057.0 820
1762495953248 1237114.0 830
1762495957062 1251697.0 840
1762495972138 1281472.0 860
1762495975930 1296444.0 870
1762495979745 1311600.0 880
1762495983557 1326383.0 890
1762495998635 1356227.0 910
1762496002445 1370703.0 920
1762496006249 1385577.0 930
1762496010054 1400262.0 940
1762496025113 1429984.0 960
1762496028905 1445066.0 970
1762496032691 1460029.0 980
1762496036473 1475082.0 990
1762496052214 1504769.0 1010
1762496056016 1519979.0 1020
1762496059803 1534745.0 1030
1762496063581 1549445.0 1040
1762496078608 1578848.0 1060
1762496082398 1593659.0 1070
1762496086177 1608437.0 1080
1762496089957 1623651.0 1090
1762496104992 1653697.0 1110
1762496108798 1668487.0 1120
1762496112600 1683318.0 1130
1762496116417 1698159.0 1140
1762496131505 1728033.0 1160
1762496135301 1743272.0 1170
1762496139110 1758294.0 1180
1762496142915 1773499.0 1190
1762496158016 1803555.0 1210
1762496161811 1818124.0 1220
1762496165627 1833200.0 1230
1762496169434 1848075.0 1240
1762496185188 1877525.0 1260
1762496189008 1892182.0 1270
1762496192827 1907051.0 1280
1762496196649 1921908.0 1290
1762496211719 1951358.0 1310
1762496215515 1966552.0 1320
1762496219343 1981519.0 1330
1762496223164 1996076.0 1340
1762496238246 2026266.0 1360
1762496242048 2041005.0 1370
1762496245846 2055772.0 1380
1762496249636 2070795.0 1390
1762496264656 2100408.0 1410
1762496268441 2115372.0 1420
1762496272232 2130320.0 1430
1762496276015 2145376.0 1440
1762496291058 2174909.0 1460
1762496294852 2190049.0 1470
1762496298673 2204829.0 1480
1762496302478 2219814.0 1490
1762496318207 2249355.0 1510
1762496322005 2264435.0 1520
1762496325844 2279123.0 1530
1762496329655 2294058.0 1540
1762502124381 2323739.0 1560
1762502128197 2339121.0 1570
1762502132010 2354093.0 1580
1762502135823 2368924.0 1590
1762502150933 2398693.0 1610
1762502154762 2413899.0 1620
1762502158571 2428258.0 1630
1762502162390 2443267.0 1640
1762502177449 2473042.0 1660
1762502181269 2487698.0 1670
1762502185091 2502668.0 1680
1762502188915 2517292.0 1690
1762502203995 2547029.0 1710
1762502207803 2562024.0 1720
1762502211600 2577001.0 1730
1762502215413 2591689.0 1740
1762502231270 2621691.0 1760
1762502235064 2636937.0 1770
1762502238861 2651874.0 1780
1762502242667 2666994.0 1790
1762502257754 2696651.0 1810
1762502261571 2711577.0 1820
1762502265387 2726317.0 1830
1762502269198 2741310.0 1840
1762502284276 2770999.0 1860
1762502288076 2785620.0 1870
1762502291886 2800607.0 1880
1762502295695 2815516.0 1890
1762502310803 2845156.0 1910
1762502314615 2860132.0 1920
1762502318432 2875068.0 1930
1762502322238 2889798.0 1940
1762502337322 2919912.0 1960
1762502341112 2934763.0 1970
1762502344910 2949670.0 1980
1762502348704 2964217.0 1990
1762502364466 2993840.0 2010
1762502368285 3008801.0 2020
1762502372085 3023641.0 2030
1762502375892 3038825.0 2040
1762502390955 3068773.0 2060
1762502394752 3083354.0 2070
1762502398550 3098091.0 2080
1762502402357 3113027.0 2090
1762502417470 3142899.0 2110
1762502421276 3157846.0 2120
1762502425081 3172948.0 2130
1762502428896 3187869.0 2140
1762502444001 3217637.0 2160
1762502447799 3232553.0 2170
1762502451620 3247224.0 2180
1762502455420 3262089.0 2190
1762502470523 3292361.0 2210
1762502474334 3307124.0 2220
1762502478153 3322067.0 2230
1762502481976 3337089.0 2240
1762502497703 3366656.0 2260
1762502501505 3381369.0 2270
1762502505306 3396440.0 2280
1762502509104 3411105.0 2290
1762514801347 3441415.0 2310
1762514805163 3456009.0 2320
1762514808992 3471434.0 2330
1762514812811 3486477.0 2340
1762514827925 3516180.0 2360
1762514831748 3531199.0 2370
1762514835570 3546017.0 2380
1762514839387 3560775.0 2390
1762514854447 3590787.0 2410
1762514858246 3605236.0 2420
1762514862062 3619962.0 2430
1762514866025 3634877.0 2440
1762514881122 3664427.0 2460
1762514884946 3679285.0 2470
1762514888735 3694024.0 2480
1762514892525 3709098.0 2490
1762514908693 3738746.0 2510
1762514912517 3753990.0 2520
1762514916326 3768814.0 2530
1762514920140 3783362.0 2540
1762514935196 3813141.0 2560
1762514938979 3828090.0 2570
1762514942795 3843012.0 2580
1762514946616 3858198.0 2590
1762514961725 3887957.0 2610
1762514965534 3902759.0 2620
1762514969354 3917625.0 2630
1762514973166 3932743.0 2640
1762514988268 3962620.0 2660
1762514992078 3977527.0 2670
1762514995892 3992361.0 2680
1762514999703 4007159.0 2690
1762515014808 4037280.0 2710
1762515018618 4052228.0 2720
1762515022425 4067145.0 2730
1762515026208 4081904.0 2740
1762515042039 4111665.0 2760
1762515045835 4126593.0 2770
1762515049639 4141447.0 2780
1762515053456 4156181.0 2790
1762515068511 4185822.0 2810
1762515072320 4200861.0 2820
1762515076123 4215655.0 2830
1762515079939 4230533.0 2840
1762515095027 4260635.0 2860
1762515098858 4275751.0 2870
1762515102659 4290469.0 2880
1762515106482 4305413.0 2890
1762515121595 4335554.0 2910
1762515125415 4350410.0 2920
1762515129231 4365383.0 2930
1762515133047 4379961.0 2940
1762515148127 4410009.0 2960
1762515151935 4424386.0 2970
1762515155747 4439043.0 2980
1762515159530 4454057.0 2990
1762536340616 4483999.0 3010
1762536344433 4498987.0 3020
1762536348240 4513478.0 3030
1762536352044 4528247.0 3040
1762536367174 4558233.0 3060
1762536370981 4572933.0 3070
1762536374783 4587906.0 3080
1762536378592 4602620.0 3090
1762536393678 4632442.0 3110
1762536397469 4647601.0 3120
1762536401266 4662590.0 3130
1762536405081 4677515.0 3140
1762536420157 4707438.0 3160
1762536423949 4722351.0 3170
1762536427749 4737013.0 3180
1762536431576 4752077.0 3190
1762536446611 4781797.0 3210
1762536450428 4796775.0 3220
1762536454231 4811660.0 3230
1762536458063 4826494.0 3240
1762536473936 4856197.0 3260
1762536477753 4871407.0 3270
1762536481545 4886371.0 3280
1762536485368 4901306.0 3290
1762536500453 4930751.0 3310
1762536504287 4945841.0 3320
1762536508084 4960719.0 3330
1762536511872 4975506.0 3340
1762536526930 5005260.0 3360
1762536530749 5020045.0 3370
1762536534570 5034949.0 3380
1762536538386 5049925.0 3390
1762536553460 5080578.0 3410
1762536557280 5095767.0 3420
1762536561102 5110552.0 3430
1762536564895 5125301.0 3440
1762536579984 5155466.0 3460
1762536583841 5170542.0 3470
1762536587672 5185439.0 3480
1762536591493 5199899.0 3490
1762536607277 5229633.0 3510
1762536611071 5244292.0 3520
1762536614890 5259161.0 3530
1762536618704 5273732.0 3540
1762536633794 5303028.0 3560
1762536637583 5318209.0 3570
1762536641402 5333055.0 3580
1762536645219 5347903.0 3590
1762536660300 5378036.0 3610
1762536664110 5392826.0 3620
1762536667922 5407552.0 3630
1762536671737 5422421.0 3640
1762536686836 5452859.0 3660
1762536690646 5467472.0 3670
1762536694465 5482476.0 3680
1762536698284 5497223.0 3690
1762536713360 5526967.0 3710
1762536717186 5541841.0 3720
1762536721000 5556430.0 3730
1762536724807 5571240.0 3740
1762536740983 5600981.0 3760
1762536744785 5615945.0 3770
1762536748611 5631150.0 3780
1762536752439 5646358.0 3790
1762542704073 5676234.0 3810
