1762605788961 0.053475935828877004 10
1762605795944 0.10695187165775401 20
1762605802919 0.16042780748663102 30
1762605809951 0.21390374331550802 40
1762605817001 0.26737967914438504 50
1762605844299 0.26737967914438504 50
1762605851307 0.32085561497326204 60
1762605858302 0.37433155080213903 70
1762605865303 0.42780748663101603 80
1762605872333 0.48128342245989303 90
1762605879334 0.5347593582887701 100
1762605906688 0.5347593582887701 100
1762605913692 0.5882352941176471 110
1762605920763 0.6417112299465241 120
1762605927790 0.6951871657754011 130
1762605934798 0.7486631016042781 140
1762605941842 0.8021390374331551 150
1762605969249 0.8021390374331551 150
1762605976278 0.8556149732620321 160
1762605983372 0.9090909090909091 170
1762605990378 0.9625668449197861 180
1762605997373 1.0160427807486632 190
1762606004330 1.0695187165775402 200
1762606031683 1.0695187165775402 200
1762606038692 1.1229946524064172 210
1762606045763 1.1764705882352942 220
1762606052785 1.2299465240641712 230
1762606059802 1.2834224598930482 240
1762606066789 1.3368983957219251 250
1762606094148 1.3368983957219251 250
1762606101874 1.3903743315508021 260
1762606108955 1.4438502673796791 270
1762606115995 1.4973262032085561 280
1762606122984 1.5508021390374331 290
1762606130015 1.6042780748663101 300
1762606157360 1.6042780748663101 300
1762606164369 1.6577540106951871 310
1762606171387 1.7112299465240641 320
1762606178424 1.7647058823529411 330
1762606185477 1.8181818181818183 340
1762606192484 1.8716577540106951 350
1762606219812 1.8716577540106951 350
1762606226833 1.9251336898395723 360
1762606233851 1.9786096256684491 370
1762606240795 2.0320855614973263 380
1762606247838 2.085561497326203 390
1762606254833 2.1390374331550803 400
1762607046280 2.1390374331550803 400
1762607053340 2.192513368983957 410
1762607060293 2.2459893048128343 420
1762607067264 2.299465240641711 430
1762607074235 2.3529411764705883 440
1762607081273 2.406417112299465 450
1762607108604 2.406417112299465 450
1762607115671 2.4598930481283423 460
1762607122714 2.5133689839572195 470
1762607129762 2.5668449197860963 480
1762607136772 2.620320855614973 490
1762607143769 2.6737967914438503 500
1762607171128 2.6737967914438503 500
1762607178954 2.7272727272727275 510
1762607185916 2.7807486631016043 520
1762607192950 2.834224598930481 530
1762607199945 2.8877005347593583 540
1762607206920 2.9411764705882355 550
1762607234291 2.9411764705882355 550
1762607241325 2.9946524064171123 560
1762607248264 3.0481283422459895 570
1762607255290 3.1016042780748663 580
1762607262296 3.1550802139037435 590
1762607269302 3.2085561497326203 600
1762607296682 3.2085561497326203 600
1762607303789 3.2620320855614975 610
1762607310878 3.3155080213903743 620
1762607317925 3.3689839572192515 630
1762607325007 3.4224598930481283 640
1762607331969 3.4759358288770055 650
1762607359345 3.4759358288770055 650
1762607366338 3.5294117647058822 660
1762607373357 3.5828877005347595 670
1762607380387 3.6363636363636362 680
1762607387373 3.6898395721925135 690
1762607394397 3.7433155080213902 700
1762608571721 3.7433155080213902 700
1762608578756 3.7967914438502675 710
1762608585741 3.8502673796791442 720
1762608592737 3.9037433155080214 730
1762608599686 3.9572192513368982 740
1762608606647 4.010695187165775 750
1762608633998 4.010695187165775 750
1762608641712 4.064171122994653 760
1762608648707 4.117647058823529 770
1762608655793 4.171122994652406 780
1762608662839 4.224598930481283 790
1762608669862 4.278074866310161 800
1762608697285 4.278074866310161 800
1762608704339 4.331550802139038 810
1762608711325 4.385026737967914 820
1762608718320 4.438502673796791 830
1762608725294 4.491978609625669 840
1762608732337 4.545454545454545 850
1762608759741 4.545454545454545 850
1762608766773 4.598930481283422 860
1762608773800 4.652406417112299 870
1762608780875 4.705882352941177 880
1762608787895 4.759358288770054 890
1762608794923 4.81283422459893 900
1762608822295 4.81283422459893 900
1762608829312 4.866310160427807 910
1762608836298 4.919786096256685 920
1762608843321 4.973262032085562 930
1762608850328 5.026737967914438 940
1762608857344 5.080213903743315 950
1762608884745 5.080213903743315 950
1762608891743 5.133689839572193 960
1762608898782 5.18716577540107 970
1762608905832 5.240641711229946 980
1762608912881 5.294117647058823 990
1762608919935 5.347593582887701 1000
1762608947351 5.347593582887701 1000
1762608955161 5.401069518716578 1010
1762608962224 5.454545454545454 1020
1762608969245 5.508021390374331 1030
1762608976206 5.561497326203209 1040
1762608983187 5.614973262032086 1050
1762609010569 5.614973262032086 1050
1762609017539 5.668449197860962 1060
1762609024534 5.721925133689839 1070
1762609031528 5.775401069518717 1080
1762609038577 5.828877005347594 1090
1762609045595 5.882352941176471 1100
1762609072962 5.882352941176471 1100
1762609080016 5.935828877005347 1110
1762609086995 5.989304812834225 1120
1762609093979 6.042780748663102 1130
1762609100995 6.096256684491979 1140
1762609107994 6.149732620320855 1150
1762609135380 6.149732620320855 1150
1762609142387 6.2032085561497325 1160
1762609149476 6.25668449197861 1170
1762609156511 6.310160427807487 1180
1762609163583 6.363636363636363 1190
1762609170660 6.4171122994652405 1200
1762609198017 6.4171122994652405 1200
1762609205039 6.470588235294118 1210
1762609212007 6.524064171122995 1220
1762609219050 6.577540106951871 1230
1762609226040 6.6310160427807485 1240
1762609233033 6.684491978609626 1250
1762609260386 6.684491978609626 1250
1762609268221 6.737967914438503 1260
1762609275186 6.791443850267379 1270
1762609282195 6.8449197860962565 1280
1762609289207 6.898395721925134 1290
1762609296190 6.951871657754011 1300
1762609323554 6.951871657754011 1300
1762609330485 7.005347593582887 1310
1762609337525 7.0588235294117645 1320
1762609344552 7.112299465240642 1330
1762609351507 7.165775401069519 1340
1762609358529 7.219251336898395 1350
1762609385903 7.219251336898395 1350
1762609392987 7.2727272727272725 1360
1762609399979 7.32620320855615 1370
1762609406982 7.379679144385027 1380
1762609414012 7.433155080213904 1390
1762609421032 7.4866310160427805 1400
1762609448362 7.4866310160427805 1400
1762609455346 7.540106951871658 1410
1762609462364 7.593582887700535 1420
1762609469344 7.647058823529412 1430
1762609476323 7.7005347593582885 1440
1762609483325 7.754010695187166 1450
1762609510715 7.754010695187166 1450
1762609517739 7.807486631016043 1460
1762609524808 7.86096256684492 1470
1762609531781 7.9144385026737964 1480
1762609538804 7.967914438502674 1490
1762609545790 8.02139037433155 1500
1762609573169 8.02139037433155 1500
1762609580955 8.074866310160427 1510
1762609588000 8.128342245989305 1520
1762609595036 8.181818181818182 1530
1762609602055 8.235294117647058 1540
1762609609066 8.288770053475936 1550
1762609636427 8.288770053475936 1550
1762609643463 8.342245989304812 1560
1762609650568 8.39572192513369 1570
1762609657574 8.449197860962567 1580
1762609664610 8.502673796791443 1590
1762609671616 8.556149732620321 1600
1762609698980 8.556149732620321 1600
1762609705992 8.609625668449198 1610
1762609713055 8.663101604278076 1620
1762609719995 8.716577540106952 1630
1762609727035 8.770053475935828 1640
1762609734042 8.823529411764707 1650
1762609761381 8.823529411764707 1650
1762609768384 8.877005347593583 1660
1762609775353 8.93048128342246 1670
1762609782392 8.983957219251337 1680
1762609789332 9.037433155080214 1690
1762609796338 9.090909090909092 1700
1762609823701 9.090909090909092 1700
1762609830758 9.144385026737968 1710
1762609837778 9.197860962566844 1720
1762609844817 9.251336898395722 1730
1762609851809 9.304812834224599 1740
1762609858802 9.358288770053475 1750
1762609886184 9.358288770053475 1750
1762609893994 9.411764705882353 1760
1762609901040 9.46524064171123 1770
1762609908113 9.518716577540108 1780
1762609915130 9.572192513368984 1790
1762609922105 9.62566844919786 1800
1762609949497 9.62566844919786 1800
1762609956571 9.679144385026738 1810
1762609963588 9.732620320855615 1820
1762609970585 9.786096256684491 1830
1762609977644 9.83957219251337 1840
1762609984640 9.893048128342246 1850
1762610012000 9.893048128342246 1850
1762610019033 9.946524064171124 1860
1762610025981 10.0 1870
1762610033037 10.053475935828876 1880
1762610040062 10.106951871657754 1890
1762610047037 10.16042780748663 1900
1762610074404 10.16042780748663 1900
1762610081388 10.213903743315509 1910
1762610088418 10.267379679144385 1920
1762610095476 10.320855614973262 1930
1762610102447 10.37433155080214 1940
1762610109514 10.427807486631016 1950
1762610136878 10.427807486631016 1950
1762610143946 10.481283422459892 1960
1762610150989 10.53475935828877 1970
1762610158042 10.588235294117647 1980
1762610165017 10.641711229946525 1990
1762610172082 10.695187165775401 2000
1762610199444 10.695187165775401 2000
1762610207630 10.748663101604278 2010
1762610214659 10.802139037433156 2020
1762610221635 10.855614973262032 2030
1762610228680 10.909090909090908 2040
1762610235654 10.962566844919786 2050
1762610263026 10.962566844919786 2050
1762610270034 11.016042780748663 2060
1762610276992 11.06951871657754 2070
1762610283980 11.122994652406417 2080
1762610291005 11.176470588235293 2090
1762610298031 11.229946524064172 2100
1762610325360 11.229946524064172 2100
1762610332431 11.283422459893048 2110
1762610339445 11.336898395721924 2120
1762610346515 11.390374331550802 2130
1762610353589 11.443850267379679 2140
1762610360601 11.497326203208557 2150
1762610387962 11.497326203208557 2150
1762610394971 11.550802139037433 2160
1762610401967 11.60427807486631 2170
1762610408957 11.657754010695188 2180
1762610415949 11.711229946524064 2190
1762610422950 11.764705882352942 2200
1762610450295 11.764705882352942 2200
1762610457412 11.818181818181818 2210
1762610464392 11.871657754010695 2220
1762610471514 11.925133689839573 2230
1762610478513 11.97860962566845 2240
1762610485512 12.032085561497325 2250
1762610512869 12.032085561497325 2250
1762610520639 12.085561497326204 2260
1762610527626 12.13903743315508 2270
1762610534651 12.192513368983958 2280
1762610541632 12.245989304812834 2290
1762610548685 12.29946524064171 2300
1762610576033 12.29946524064171 2300
1762610583051 12.352941176470589 2310
1762610590066 12.406417112299465 2320
1762610597171 12.459893048128341 2330
1762610604245 12.51336898395722 2340
1762610611311 12.566844919786096 2350
1762610638672 12.566844919786096 2350
1762610645625 12.620320855614974 2360
1762610652683 12.67379679144385 2370
1762610659674 12.727272727272727 2380
1762610666692 12.780748663101605 2390
1762610673755 12.834224598930481 2400
1762610701090 12.834224598930481 2400
1762610708097 12.887700534759357 2410
1762610715051 12.941176470588236 2420
1762610722041 12.994652406417112 2430
1762610729035 13.04812834224599 2440
1762610736025 13.101604278074866 2450
1762610763400 13.101604278074866 2450
1762610770396 13.155080213903743 2460
1762610777420 13.20855614973262 2470
1762610784402 13.262032085561497 2480
1762610791418 13.315508021390375 2490
1762610798430 13.368983957219251 2500
1762610825804 13.368983957219251 2500
1762610833653 13.422459893048128 2510
1762610840741 13.475935828877006 2520
1762610847760 13.529411764705882 2530
1762610854745 13.582887700534759 2540
1762610861787 13.636363636363637 2550
1762610889155 13.636363636363637 2550
1762610896173 13.689839572192513 2560
1762610903190 13.743315508021391 2570
1762610910188 13.796791443850267 2580
1762610917225 13.850267379679144 2590
1762610924237 13.903743315508022 2600
1762610951599 13.903743315508022 2600
1762610958610 13.957219251336898 2610
1762610965594 14.010695187165775 2620
1762610972626 14.064171122994653 2630
1762610979657 14.117647058823529 2640
1762610986654 14.171122994652407 2650
1762611013987 14.171122994652407 2650
1762611020978 14.224598930481283 2660
1762611028009 14.27807486631016 2670
1762611035039 14.331550802139038 2680
1762611042009 14.385026737967914 2690
1762611049033 14.43850267379679 2700
1762611076378 14.43850267379679 2700
1762611083426 14.491978609625669 2710
1762611090422 14.545454545454545 2720
1762611097435 14.598930481283423 2730
1762611104455 14.6524064171123 2740
1762611111494 14.705882352941176 2750
1762611138870 14.705882352941176 2750
1762611146655 14.759358288770054 2760
1762611153690 14.81283422459893 2770
1762611160721 14.866310160427808 2780
1762611167706 14.919786096256685 2790
1762611174755 14.973262032085561 2800
1762611202109 14.973262032085561 2800
1762611209073 15.026737967914439 2810
1762611216107 15.080213903743315 2820
1762611223094 15.133689839572192 2830
1762611230119 15.18716577540107 2840
1762611237137 15.240641711229946 2850
1762611264471 15.240641711229946 2850
1762611271517 15.294117647058824 2860
1762611278564 15.3475935828877 2870
1762611285537 15.401069518716577 2880
1762611292613 15.454545454545455 2890
1762611299736 15.508021390374331 2900
1762611327103 15.508021390374331 2900
1762611334074 15.56149732620321 2910
1762611341100 15.614973262032086 2920
1762611348100 15.668449197860962 2930
1762611355089 15.72192513368984 2940
1762611362100 15.775401069518717 2950
1762611389484 15.775401069518717 2950
1762611396535 15.828877005347593 2960
1762611403475 15.882352941176471 2970
1762611410473 15.935828877005347 2980
1762611417458 15.989304812834224 2990
1762611424476 16.0427807486631 3000
1762611451802 16.0427807486631 3000
1762611459584 16.09625668449198 3010
1762611466628 16.149732620320854 3020
1762611473611 16.203208556149733 3030
1762611480590 16.25668449197861 3040
1762611487587 16.310160427807485 3050
1762611514925 16.310160427807485 3050
1762611521967 16.363636363636363 3060
1762611528960 16.41711229946524 3070
1762611535961 16.470588235294116 3080
1762611542949 16.524064171122994 3090
1762611549971 16.577540106951872 3100
1762611577311 16.577540106951872 3100
1762611584335 16.63101604278075 3110
1762611591442 16.684491978609625 3120
1762611598497 16.737967914438503 3130
1762611605496 16.79144385026738 3140
1762611612509 16.844919786096256 3150
1762611639839 16.844919786096256 3150
1762611646842 16.898395721925134 3160
1762611653948 16.951871657754012 3170
1762611660908 17.005347593582886 3180
1762611667938 17.058823529411764 3190
1762611674950 17.112299465240643 3200
1762611702284 17.112299465240643 3200
1762611709338 17.165775401069517 3210
1762611716398 17.219251336898395 3220
1762611723447 17.272727272727273 3230
1762611730470 17.32620320855615 3240
1762611737476 17.379679144385026 3250
1762611764851 17.379679144385026 3250
1762611772673 17.433155080213904 3260
1762611779726 17.486631016042782 3270
1762611786723 17.540106951871657 3280
1762611793739 17.593582887700535 3290
1762611800735 17.647058823529413 3300
1762611828048 17.647058823529413 3300
1762611835053 17.700534759358288 3310
1762611842124 17.754010695187166 3320
1762611849128 17.807486631016044 3330
1762611856140 17.86096256684492 3340
1762611863158 17.914438502673796 3350
1762611890557 17.914438502673796 3350
1762611897574 17.967914438502675 3360
1762611904554 18.02139037433155 3370
1762611911555 18.074866310160427 3380
1762611918586 18.128342245989305 3390
1762611925681 18.181818181818183 3400
1762611953048 18.181818181818183 3400
1762611960108 18.235294117647058 3410
1762611967182 18.288770053475936 3420
1762611974224 18.342245989304814 3430
1762611981224 18.39572192513369 3440
1762611988277 18.449197860962567 3450
1762612015627 18.449197860962567 3450
1762612022632 18.502673796791445 3460
1762612029638 18.55614973262032 3470
1762612036677 18.609625668449198 3480
1762612043635 18.663101604278076 3490
1762612050645 18.71657754010695 3500
1762612078027 18.71657754010695 3500
1762612085794 18.77005347593583 3510
1762612092770 18.823529411764707 3520
1762612099749 18.87700534759358 3530
1762612106713 18.93048128342246 3540
1762612113741 18.983957219251337 3550
1762612141235 18.983957219251337 3550
1762612148212 19.037433155080215 3560
1762612155281 19.09090909090909 3570
1762612162270 19.144385026737968 3580
1762612169296 19.197860962566846 3590
1762612176337 19.25133689839572 3600
1762612203692 19.25133689839572 3600
1762612210754 19.3048128342246 3610
1762612217787 19.358288770053477 3620
1762612224844 19.41176470588235 3630
1762612231833 19.46524064171123 3640
1762612238889 19.518716577540108 3650
1762612266296 19.518716577540108 3650
1762612273362 19.572192513368982 3660
1762612280368 19.62566844919786 3670
1762612287365 19.67914438502674 3680
1762612294340 19.732620320855617 3690
1762612301306 19.78609625668449 3700
1762612328711 19.78609625668449 3700
1762612335773 19.83957219251337 3710
1762612342846 19.893048128342247 3720
1762612349842 19.946524064171122 3730
1762612356799 20.0 3740
1762612363776 20.053475935828878 3750
1762612391126 20.053475935828878 3750
1762612398975 20.106951871657753 3760
1762612405989 20.16042780748663 3770
1762612413005 20.21390374331551 3780
1762612420037 20.267379679144383 3790
1762612427052 20.32085561497326 3800
1762612454437 20.32085561497326 3800
1762612461484 20.37433155080214 3810
1762612468523 20.427807486631018 3820
1762612475575 20.481283422459892 3830
1762612482556 20.53475935828877 3840
1762612489635 20.58823529411765 3850
1762612516983 20.58823529411765 3850
1762612523953 20.641711229946523 3860
1762612530975 20.6951871657754 3870
1762612537956 20.74866310160428 3880
1762612544930 20.802139037433154 3890
1762612551915 20.855614973262032 3900
1762612579254 20.855614973262032 3900
1762612586258 20.90909090909091 3910
1762612593273 20.962566844919785 3920
1762612600288 21.016042780748663 3930
1762612607342 21.06951871657754 3940
1762612614323 21.122994652406415 3950
1762612641697 21.122994652406415 3950
1762612648761 21.176470588235293 3960
1762612655805 21.22994652406417 3970
1762612662815 21.28342245989305 3980
1762612669904 21.336898395721924 3990
1762612676920 21.390374331550802 4000
1762612704300 21.390374331550802 4000
1762612712042 21.44385026737968 4010
1762612719052 21.497326203208555 4020
1762612726056 21.550802139037433 4030
1762612733024 21.60427807486631 4040
1762612740020 21.657754010695186 4050
1762612767364 21.657754010695186 4050
1762612774358 21.711229946524064 4060
1762612781381 21.764705882352942 4070
1762612788329 21.818181818181817 4080
1762612795334 21.871657754010695 4090
1762612802372 21.925133689839573 4100
1762612829754 21.925133689839573 4100
1762612836796 21.97860962566845 4110
1762612843789 22.032085561497325 4120
1762612850787 22.085561497326204 4130
1762612857751 22.13903743315508 4140
1762612864739 22.192513368983956 4150
1762612892115 22.192513368983956 4150
1762612899138 22.245989304812834 4160
1762612906150 22.299465240641712 4170
1762612913198 22.352941176470587 4180
1762612920207 22.406417112299465 4190
1762612927224 22.459893048128343 4200
1762612954589 22.459893048128343 4200
1762612961593 22.513368983957218 4210
1762612968620 22.566844919786096 4220
1762612975674 22.620320855614974 4230
1762612982666 22.67379679144385 4240
1762612989716 22.727272727272727 4250
1762613017057 22.727272727272727 4250
1762613024884 22.780748663101605 4260
1762613031902 22.834224598930483 4270
1762613038950 22.887700534759357 4280
1762613045942 22.941176470588236 4290
1762613052924 22.994652406417114 4300
1762613080258 22.994652406417114 4300
1762613087236 23.048128342245988 4310
1762613094220 23.101604278074866 4320
1762613101191 23.155080213903744 4330
1762613108186 23.20855614973262 4340
1762613115185 23.262032085561497 4350
1762613142638 23.262032085561497 4350
1762613149742 23.315508021390375 4360
1762613156721 23.36898395721925 4370
1762613163764 23.422459893048128 4380
1762613170787 23.475935828877006 4390
1762613177806 23.529411764705884 4400
1762613205154 23.529411764705884 4400
1762613212143 23.58288770053476 4410
1762613219150 23.636363636363637 4420
1762613226201 23.689839572192515 4430
1762613233199 23.74331550802139 4440
1762613240229 23.796791443850267 4450
1762613267567 23.796791443850267 4450
1762613274597 23.850267379679146 4460
1762613281665 23.90374331550802 4470
1762613288698 23.9572192513369 4480
1762613295661 24.010695187165776 4490
1762613302669 24.06417112299465 4500
1762613330017 24.06417112299465 4500
1762613337741 24.11764705882353 4510
1762613344683 24.171122994652407 4520
1762613351772 24.224598930481285 4530
1762613358817 24.27807486631016 4540
1762613365824 24.331550802139038 4550
1762613393190 24.331550802139038 4550
1762613400234 24.385026737967916 4560
1762613407260 24.43850267379679 4570
1762613414271 24.49197860962567 4580
1762613421286 24.545454545454547 4590
1762613428268 24.59893048128342 4600
1762613455625 24.59893048128342 4600
1762613462641 24.6524064171123 4610
1762613469708 24.705882352941178 4620
1762613476760 24.759358288770052 4630
1762613483774 24.81283422459893 4640
1762613490788 24.86631016042781 4650
1762613518180 24.86631016042781 4650
1762613525180 24.919786096256683 4660
1762613532178 24.97326203208556 4670
1762613539174 25.02673796791444 4680
1762613546187 25.080213903743317 4690
1762613553152 25.13368983957219 4700
1762613580526 25.13368983957219 4700
1762613587556 25.18716577540107 4710
1762613594551 25.240641711229948 4720
1762613601573 25.294117647058822 4730
1762613608643 25.3475935828877 4740
1762613615608 25.40106951871658 4750
1762613642967 25.40106951871658 4750
1762613650728 25.454545454545453 4760
1762613657844 25.50802139037433 4770
1762613664881 25.56149732620321 4780
1762613671839 25.614973262032084 4790
1762613678869 25.668449197860962 4800
1762613706214 25.668449197860962 4800
1762613713241 25.72192513368984 4810
1762613720233 25.775401069518715 4820
1762613727271 25.828877005347593 4830
1762613734250 25.88235294117647 4840
1762613741313 25.93582887700535 4850
1762613768666 25.93582887700535 4850
1762613775671 25.989304812834224 4860
1762613782640 26.0427807486631 4870
1762613789664 26.09625668449198 4880
1762613796667 26.149732620320854 4890
1762613803686 26.203208556149733 4900
1762613831055 26.203208556149733 4900
1762613838072 26.25668449197861 4910
1762613845012 26.310160427807485 4920
1762613852030 26.363636363636363 4930
1762613859020 26.41711229946524 4940
1762613866002 26.470588235294116 4950
1762613893377 26.470588235294116 4950
1762613900470 26.524064171122994 4960
1762613907550 26.577540106951872 4970
1762613914578 26.63101604278075 4980
1762613921599 26.684491978609625 4990
1762613928606 26.737967914438503 5000
1762613955999 26.737967914438503 5000
1762613963745 26.79144385026738 5010
1762613970790 26.844919786096256 5020
1762613977829 26.898395721925134 5030
1762613984833 26.951871657754012 5040
1762613991797 27.005347593582886 5050
1762614019179 27.005347593582886 5050
1762614026206 27.058823529411764 5060
1762614033194 27.112299465240643 5070
1762614040187 27.165775401069517 5080
1762614047212 27.219251336898395 5090
1762614054222 27.272727272727273 5100
1762614081578 27.272727272727273 5100
1762614088702 27.32620320855615 5110
1762614095723 27.379679144385026 5120
1762614102735 27.433155080213904 5130
1762614109729 27.486631016042782 5140
1762614116787 27.540106951871657 5150
1762614144237 27.540106951871657 5150
1762614151202 27.593582887700535 5160
1762614158260 27.647058823529413 5170
1762614165290 27.700534759358288 5180
1762614172285 27.754010695187166 5190
1762614179247 27.807486631016044 5200
1762614206615 27.807486631016044 5200
1762614213668 27.86096256684492 5210
1762614220722 27.914438502673796 5220
1762614227722 27.967914438502675 5230
1762614234723 28.02139037433155 5240
1762614241751 28.074866310160427 5250
1762614269117 28.074866310160427 5250
1762614276997 28.128342245989305 5260
1762614283961 28.181818181818183 5270
1762614291017 28.235294117647058 5280
1762614298006 28.288770053475936 5290
1762614305028 28.342245989304814 5300
1762614332398 28.342245989304814 5300
1762614339393 28.39572192513369 5310
1762614346423 28.449197860962567 5320
1762614353445 28.502673796791445 5330
1762614360507 28.55614973262032 5340
1762614367551 28.609625668449198 5350
1762614394920 28.609625668449198 5350
1762614401933 28.663101604278076 5360
1762614408958 28.71657754010695 5370
1762614415951 28.77005347593583 5380
1762614422957 28.823529411764707 5390
1762614429960 28.87700534759358 5400
1762614457300 28.87700534759358 5400
1762614464274 28.93048128342246 5410
1762614471297 28.983957219251337 5420
1762614478257 29.037433155080215 5430
1762614485260 29.09090909090909 5440
1762614492288 29.144385026737968 5450
1762614519659 29.144385026737968 5450
1762614526733 29.197860962566846 5460
1762614533769 29.25133689839572 5470
1762614540817 29.3048128342246 5480
1762614547789 29.358288770053477 5490
1762614554751 29.41176470588235 5500
1762614582104 29.41176470588235 5500
1762614589895 29.46524064171123 5510
1762614596937 29.518716577540108 5520
1762614603935 29.572192513368982 5530
1762614610930 29.62566844919786 5540
1762614617969 29.67914438502674 5550
1762614645328 29.67914438502674 5550
1762614652366 29.732620320855617 5560
1762614659366 29.78609625668449 5570
1762614666425 29.83957219251337 5580
1762614673478 29.893048128342247 5590
1762614680456 29.946524064171122 5600
1762614707826 29.946524064171122 5600
1762614714810 30.0 5610
1762614715519 30.0 5610
