1762605788961 1.8507720232009888 10
1762605795944 1.4438552856445312 20
1762605802919 1.6162023544311523 30
1762605809951 1.5876469612121582 40
1762605817001 1.773584008216858 50
1762605851307 1.1797840595245361 60
1762605858302 0.564538300037384 70
1762605865303 0.5141372084617615 80
1762605872333 0.4146369397640228 90
1762605879334 0.5070635676383972 100
1762605913692 0.43640434741973877 110
1762605920763 0.2702922224998474 120
1762605927790 0.3435043692588806 130
1762605934798 0.34156015515327454 140
1762605941842 0.41490694880485535 150
1762605976278 0.3624560534954071 160
1762605983372 0.4822588264942169 170
1762605990378 0.48231345415115356 180
1762605997373 0.3925365209579468 190
1762606004330 0.3308831751346588 200
1762606038692 0.3712606728076935 210
1762606045763 0.3570290505886078 220
1762606052785 0.4974488317966461 230
1762606059802 0.4228902757167816 240
1762606066789 0.38716137409210205 250
1762606101874 0.5720126628875732 260
1762606108955 0.47666627168655396 270
1762606115995 0.4400331676006317 280
1762606122984 0.567102313041687 290
1762606130015 0.6174819469451904 300
1762606164369 0.5478294491767883 310
1762606171387 0.4070945680141449 320
1762606178424 0.46255236864089966 330
1762606185477 0.4941478967666626 340
1762606192484 0.532224178314209 350
1762606226833 0.390911728143692 360
1762606233851 0.4729546308517456 370
1762606240795 0.725784182548523 380
1762606247838 0.5359683632850647 390
1762606254833 0.6865553259849548 400
1762607053340 0.47365710139274597 410
1762607060293 0.35252654552459717 420
1762607067264 0.35544896125793457 430
1762607074235 0.6330558657646179 440
1762607081273 0.3790128231048584 450
1762607115671 0.5815138816833496 460
1762607122714 0.5418345928192139 470
1762607129762 0.5851166248321533 480
1762607136772 0.40022069215774536 490
1762607143769 0.39915648102760315 500
1762607178954 0.39462336897850037 510
1762607185916 0.6609611511230469 520
1762607192950 0.38698863983154297 530
1762607199945 0.3721182346343994 540
1762607206920 0.38019171357154846 550
1762607241325 0.43634065985679626 560
1762607248264 0.49838972091674805 570
1762607255290 0.5270208716392517 580
1762607262296 0.45576339960098267 590
1762607269302 0.46936991810798645 600
1762607303789 0.474830687046051 610
1762607310878 0.4301076829433441 620
1762607317925 0.39980846643447876 630
1762607325007 0.35896623134613037 640
1762607331969 0.4144531488418579 650
1762607366338 0.41644883155822754 660
1762607373357 0.30561038851737976 670
1762607380387 0.5833522081375122 680
1762607387373 0.37693336606025696 690
1762607394397 0.4274183511734009 700
1762608578756 0.46471160650253296 710
1762608585741 0.37440311908721924 720
1762608592737 0.3988793194293976 730
1762608599686 0.49102768301963806 740
1762608606647 0.3477644920349121 750
1762608641712 0.40494304895401 760
1762608648707 0.342136949300766 770
1762608655793 0.40143144130706787 780
1762608662839 0.41389942169189453 790
1762608669862 0.3912762701511383 800
1762608704339 0.32359766960144043 810
1762608711325 0.5738937854766846 820
1762608718320 0.6423770189285278 830
1762608725294 0.25139477849006653 840
1762608732337 0.45573270320892334 850
1762608766773 0.37133023142814636 860
1762608773800 0.3790895938873291 870
1762608780875 0.4397616982460022 880
1762608787895 0.30983349680900574 890
1762608794923 0.40411174297332764 900
1762608829312 0.3577338457107544 910
1762608836298 0.5597848296165466 920
1762608843321 0.45775213837623596 930
1762608850328 0.40994903445243835 940
1762608857344 0.3791072368621826 950
1762608891743 0.4872555434703827 960
1762608898782 0.29169586300849915 970
1762608905832 0.39675191044807434 980
1762608912881 0.27449557185173035 990
1762608919935 0.36185216903686523 1000
1762608955161 0.35122522711753845 1010
1762608962224 0.4431745409965515 1020
1762608969245 0.2656306028366089 1030
1762608976206 0.4283434748649597 1040
1762608983187 0.42726755142211914 1050
1762609017539 0.4146830439567566 1060
1762609024534 0.43415433168411255 1070
1762609031528 0.4777859151363373 1080
1762609038577 0.4317306578159332 1090
1762609045595 0.33764877915382385 1100
1762609080016 0.3842959702014923 1110
1762609086995 0.33609840273857117 1120
1762609093979 0.39296239614486694 1130
1762609100995 0.5393573045730591 1140
1762609107994 0.32219043374061584 1150
1762609142387 0.39388221502304077 1160
1762609149476 0.4931979179382324 1170
1762609156511 0.5125097036361694 1180
1762609163583 0.40955838561058044 1190
1762609170660 0.32460662722587585 1200
1762609205039 0.4642326235771179 1210
1762609212007 0.4446476697921753 1220
1762609219050 0.3416009545326233 1230
1762609226040 0.33188438415527344 1240
1762609233033 0.33675453066825867 1250
1762609268221 0.6433575749397278 1260
1762609275186 0.3498370051383972 1270
1762609282195 0.3939250111579895 1280
1762609289207 0.3181430399417877 1290
1762609296190 0.4084838330745697 1300
1762609330485 0.24972902238368988 1310
1762609337525 0.4669474959373474 1320
1762609344552 0.2979317903518677 1330
1762609351507 0.5788735151290894 1340
1762609358529 0.41185086965560913 1350
1762609392987 0.5518426299095154 1360
1762609399979 0.5810964107513428 1370
1762609406982 0.5031840801239014 1380
1762609414012 0.39452067017555237 1390
1762609421032 0.42161303758621216 1400
1762609455346 0.43487703800201416 1410
1762609462364 0.4077046811580658 1420
1762609469344 0.4251408874988556 1430
1762609476323 0.3670189380645752 1440
1762609483325 0.5599167346954346 1450
1762609517739 0.3457435071468353 1460
1762609524808 0.35582235455513 1470
1762609531781 0.3874242901802063 1480
1762609538804 0.41800931096076965 1490
1762609545790 0.36173704266548157 1500
1762609580955 0.40432998538017273 1510
1762609588000 0.34014949202537537 1520
1762609595036 0.38872790336608887 1530
1762609602055 0.28309041261672974 1540
1762609609066 0.4413376450538635 1550
1762609643463 0.5611977577209473 1560
1762609650568 0.35705581307411194 1570
1762609657574 0.35102012753486633 1580
1762609664610 0.43082863092422485 1590
1762609671616 0.4163787364959717 1600
1762609705992 0.4126129448413849 1610
1762609713055 0.340462863445282 1620
1762609719995 0.36608394980430603 1630
1762609727035 0.46825551986694336 1640
1762609734042 0.5592589974403381 1650
1762609768384 0.4668654799461365 1660
1762609775353 0.3179241418838501 1670
1762609782392 0.3819754421710968 1680
1762609789332 0.3213386535644531 1690
1762609796338 0.3427243232727051 1700
1762609830758 0.49738550186157227 1710
1762609837778 0.35845744609832764 1720
1762609844817 0.5847510695457458 1730
1762609851809 0.40316489338874817 1740
1762609858802 0.30969125032424927 1750
1762609893994 0.2412707358598709 1760
1762609901040 0.4043256938457489 1770
1762609908113 0.5298243761062622 1780
1762609915130 0.41272956132888794 1790
1762609922105 0.3902876079082489 1800
1762609956571 0.3672782778739929 1810
1762609963588 0.28757959604263306 1820
1762609970585 0.2876567840576172 1830
1762609977644 0.38849329948425293 1840
1762609984640 0.3927622139453888 1850
1762610019033 0.34192585945129395 1860
1762610025981 0.41665932536125183 1870
1762610033037 0.3281903564929962 1880
1762610040062 0.32311099767684937 1890
1762610047037 0.6225901246070862 1900
1762610081388 0.374931663274765 1910
1762610088418 0.39780303835868835 1920
1762610095476 0.5135443210601807 1930
1762610102447 0.3315384089946747 1940
1762610109514 0.3783886432647705 1950
1762610143946 0.3808886706829071 1960
1762610150989 0.5065348148345947 1970
1762610158042 0.2803232967853546 1980
1762610165017 0.4130038321018219 1990
1762610172082 0.49725833535194397 2000
1762610207630 0.41420772671699524 2010
1762610214659 0.5941073894500732 2020
1762610221635 0.7675079107284546 2030
1762610228680 0.4943985939025879 2040
1762610235654 0.3238217532634735 2050
1762610270034 0.4344770908355713 2060
1762610276992 0.37229087948799133 2070
1762610283980 0.3741263747215271 2080
1762610291005 0.49436289072036743 2090
1762610298031 0.36221611499786377 2100
1762610332431 0.42191463708877563 2110
1762610339445 0.3318999409675598 2120
1762610346515 0.36921942234039307 2130
1762610353589 0.34156036376953125 2140
1762610360601 0.4904578924179077 2150
1762610394971 0.2953740656375885 2160
1762610401967 0.37620070576667786 2170
1762610408957 0.35726600885391235 2180
1762610415949 0.5125932097434998 2190
1762610422950 0.3659529685974121 2200
1762610457412 0.2939731180667877 2210
1762610464392 0.3540109694004059 2220
1762610471514 0.4255301356315613 2230
1762610478513 0.4409598708152771 2240
1762610485512 0.23696526885032654 2250
1762610520639 0.4270694851875305 2260
1762610527626 0.33795565366744995 2270
1762610534651 0.46360650658607483 2280
1762610541632 0.5327887535095215 2290
1762610548685 0.3465675711631775 2300
1762610583051 0.41767898201942444 2310
1762610590066 0.44091641902923584 2320
1762610597171 0.36831218004226685 2330
1762610604245 0.4995248019695282 2340
1762610611311 0.4379352927207947 2350
1762610645625 0.382582426071167 2360
1762610652683 0.37686124444007874 2370
1762610659674 0.3349423110485077 2380
1762610666692 0.36423033475875854 2390
1762610673755 0.3236619830131531 2400
1762610708097 0.40593385696411133 2410
1762610715051 0.3598659038543701 2420
1762610722041 0.43194031715393066 2430
1762610729035 0.46060484647750854 2440
1762610736025 0.28108885884284973 2450
1762610770396 0.31774571537971497 2460
1762610777420 0.459796667098999 2470
1762610784402 0.2961776554584503 2480
1762610791418 0.3065441846847534 2490
1762610798430 0.5363197326660156 2500
1762610833653 0.37897974252700806 2510
1762610840741 0.43803027272224426 2520
1762610847760 0.33059677481651306 2530
1762610854745 0.3911436200141907 2540
1762610861787 0.2918415069580078 2550
1762610896173 0.3249469995498657 2560
1762610903190 0.3817349374294281 2570
1762610910188 0.4746505916118622 2580
1762610917225 0.3438645601272583 2590
1762610924237 0.361246258020401 2600
1762610958610 0.3438752591609955 2610
1762610965594 0.30316612124443054 2620
1762610972626 0.3054482042789459 2630
1762610979657 0.38467246294021606 2640
1762610986654 0.37015435099601746 2650
1762611020978 0.34779366850852966 2660
1762611028009 0.3537839353084564 2670
1762611035039 0.30866485834121704 2680
1762611042009 0.44420912861824036 2690
1762611049033 0.3748365640640259 2700
1762611083426 0.36752843856811523 2710
1762611090422 0.38965803384780884 2720
1762611097435 0.39134564995765686 2730
1762611104455 0.35688456892967224 2740
1762611111494 0.4249345660209656 2750
1762611146655 0.32846444845199585 2760
1762611153690 0.4464176595211029 2770
1762611160721 0.45251503586769104 2780
1762611167706 0.47279325127601624 2790
1762611174755 0.4662611782550812 2800
1762611209073 0.3181300461292267 2810
1762611216107 0.4889072775840759 2820
1762611223094 0.34681764245033264 2830
1762611230119 0.2957451641559601 2840
1762611237137 0.33737000823020935 2850
1762611271517 0.691478431224823 2860
1762611278564 0.41134345531463623 2870
1762611285537 0.25058919191360474 2880
1762611292613 0.3473527133464813 2890
1762611299736 0.4575801491737366 2900
1762611334074 0.2432021200656891 2910
1762611341100 0.35860544443130493 2920
1762611348100 0.37947481870651245 2930
1762611355089 0.4043204188346863 2940
1762611362100 0.42347678542137146 2950
1762611396535 0.7241561412811279 2960
1762611403475 0.5146772265434265 2970
1762611410473 0.31876716017723083 2980
1762611417458 0.46641239523887634 2990
1762611424476 0.39300858974456787 3000
1762611459584 0.41213321685791016 3010
1762611466628 0.49932223558425903 3020
1762611473611 0.40455731749534607 3030
1762611480590 0.3295536935329437 3040
1762611487587 0.4860188961029053 3050
1762611521967 0.4145175516605377 3060
1762611528960 0.3487570881843567 3070
1762611535961 0.4717240631580353 3080
1762611542949 0.33886706829071045 3090
1762611549971 0.4424174427986145 3100
1762611584335 0.34469836950302124 3110
1762611591442 0.4089515507221222 3120
1762611598497 0.33947524428367615 3130
1762611605496 0.30258414149284363 3140
1762611612509 0.29607442021369934 3150
1762611646842 0.4452700912952423 3160
1762611653948 0.3337346315383911 3170
1762611660908 0.27268266677856445 3180
1762611667938 0.4325815737247467 3190
1762611674950 0.2767508029937744 3200
1762611709338 0.5000212788581848 3210
1762611716398 0.40664130449295044 3220
1762611723447 0.3396236002445221 3230
1762611730470 0.31817716360092163 3240
1762611737476 0.27630379796028137 3250
1762611772673 0.4096209406852722 3260
1762611779726 0.4113906919956207 3270
1762611786723 0.3872997760772705 3280
1762611793739 0.3127594590187073 3290
1762611800735 0.36321118474006653 3300
1762611835053 0.3826086223125458 3310
1762611842124 0.7011202573776245 3320
1762611849128 0.34305712580680847 3330
1762611856140 0.29805728793144226 3340
1762611863158 0.37876197695732117 3350
1762611897574 0.3914983868598938 3360
1762611904554 0.408058226108551 3370
1762611911555 0.40591558814048767 3380
1762611918586 0.32378312945365906 3390
1762611925681 0.34192100167274475 3400
1762611960108 0.33214524388313293 3410
1762611967182 0.40765878558158875 3420
1762611974224 0.46870335936546326 3430
1762611981224 0.3139091730117798 3440
1762611988277 0.37185072898864746 3450
1762612022632 0.4068554937839508 3460
1762612029638 0.35712549090385437 3470
1762612036677 0.4014133810997009 3480
1762612043635 0.3308049738407135 3490
1762612050645 0.3470321297645569 3500
1762612085794 0.2938457131385803 3510
1762612092770 0.4543229639530182 3520
1762612099749 0.3843253254890442 3530
1762612106713 0.37557485699653625 3540
1762612113741 0.3812330663204193 3550
1762612148212 0.39029794931411743 3560
1762612155281 0.3865987956523895 3570
1762612162270 0.35024502873420715 3580
1762612169296 0.39407214522361755 3590
1762612176337 0.512247622013092 3600
1762612210754 0.3228468596935272 3610
1762612217787 0.42469272017478943 3620
1762612224844 0.32554832100868225 3630
1762612231833 0.4368573725223541 3640
1762612238889 0.36389875411987305 3650
1762612273362 0.3003489673137665 3660
1762612280368 0.41159915924072266 3670
1762612287365 0.38069644570350647 3680
1762612294340 0.45107269287109375 3690
1762612301306 0.32815125584602356 3700
1762612335773 0.36224257946014404 3710
1762612342846 0.5073086023330688 3720
1762612349842 0.32761988043785095 3730
1762612356799 0.39439818263053894 3740
1762612363776 0.29870694875717163 3750
1762612398975 0.3319990038871765 3760
1762612405989 0.707040548324585 3770
1762612413005 0.3931349217891693 3780
1762612420037 0.40270599722862244 3790
1762612427052 0.3157300353050232 3800
1762612461484 0.3931637704372406 3810
1762612468523 0.4052274525165558 3820
1762612475575 0.3863019645214081 3830
1762612482556 0.3858861029148102 3840
1762612489635 0.33203211426734924 3850
1762612523953 0.36104878783226013 3860
1762612530975 0.46230024099349976 3870
1762612537956 0.3502713441848755 3880
1762612544930 0.34368404746055603 3890
1762612551915 0.3512430787086487 3900
1762612586258 0.39246895909309387 3910
1762612593273 0.47017598152160645 3920
1762612600288 0.2974169850349426 3930
1762612607342 0.32322707772254944 3940
1762612614323 0.403080016374588 3950
1762612648761 0.9285049438476562 3960
1762612655805 0.3778474032878876 3970
1762612662815 0.33270105719566345 3980
1762612669904 0.37164708971977234 3990
1762612676920 0.3497481942176819 4000
1762612712042 0.2563111186027527 4010
1762612719052 0.3298872709274292 4020
1762612726056 0.40737101435661316 4030
1762612733024 0.2978094816207886 4040
1762612740020 0.3565691113471985 4050
1762612774358 0.3659442961215973 4060
1762612781381 0.4631122648715973 4070
1762612788329 0.30816149711608887 4080
1762612795334 0.3717924952507019 4090
1762612802372 0.45057645440101624 4100
1762612836796 0.3864554762840271 4110
1762612843789 0.33986008167266846 4120
1762612850787 0.3037196695804596 4130
1762612857751 0.36190301179885864 4140
1762612864739 0.47269049286842346 4150
1762612899138 0.32422441244125366 4160
1762612906150 0.40787753462791443 4170
1762612913198 0.3613591492176056 4180
1762612920207 0.45050448179244995 4190
1762612927224 0.36233511567115784 4200
1762612961593 0.4025402367115021 4210
1762612968620 0.40509700775146484 4220
1762612975674 0.3570423424243927 4230
1762612982666 0.40786340832710266 4240
1762612989716 0.4587172865867615 4250
1762613024884 0.31865188479423523 4260
1762613031902 0.3906380534172058 4270
1762613038950 0.4086902141571045 4280
1762613045942 0.3565320670604706 4290
1762613052924 0.4122556746006012 4300
1762613087236 0.2690871059894562 4310
1762613094220 0.3585379123687744 4320
1762613101191 0.36136049032211304 4330
1762613108186 0.27032753825187683 4340
1762613115185 0.4883946478366852 4350
1762613149742 0.36346250772476196 4360
1762613156721 0.28841084241867065 4370
1762613163764 0.46221351623535156 4380
1762613170787 0.35700899362564087 4390
1762613177806 0.30851924419403076 4400
1762613212143 0.27683311700820923 4410
1762613219150 0.2964213788509369 4420
1762613226201 0.42810747027397156 4430
1762613233199 0.38760197162628174 4440
1762613240229 0.36079463362693787 4450
1762613274597 0.3633604347705841 4460
1762613281665 0.41097724437713623 4470
1762613288698 0.3348982334136963 4480
1762613295661 0.32646486163139343 4490
1762613302669 0.3784811496734619 4500
1762613337741 0.40153899788856506 4510
1762613344683 0.4036019742488861 4520
1762613351772 0.3084857761859894 4530
1762613358817 0.43905842304229736 4540
1762613365824 0.32100343704223633 4550
1762613400234 0.2803964912891388 4560
1762613407260 0.43075257539749146 4570
1762613414271 0.46619781851768494 4580
1762613421286 0.32598018646240234 4590
1762613428268 0.38961106538772583 4600
1762613462641 0.34390226006507874 4610
1762613469708 0.334900438785553 4620
1762613476760 0.27656736969947815 4630
1762613483774 0.3746453821659088 4640
1762613490788 0.358242392539978 4650
1762613525180 0.4979441165924072 4660
1762613532178 0.3390020728111267 4670
1762613539174 0.5676308274269104 4680
1762613546187 0.3255753517150879 4690
1762613553152 0.34059664607048035 4700
1762613587556 0.3088119924068451 4710
1762613594551 0.3939977288246155 4720
1762613601573 0.3001689910888672 4730
1762613608643 0.34822723269462585 4740
1762613615608 0.3079977333545685 4750
1762613650728 0.43857261538505554 4760
1762613657844 0.4110212028026581 4770
1762613664881 0.4903608560562134 4780
1762613671839 0.337665855884552 4790
1762613678869 0.29086440801620483 4800
1762613713241 0.3058420717716217 4810
1762613720233 0.40087375044822693 4820
1762613727271 0.35469889640808105 4830
1762613734250 0.30665189027786255 4840
1762613741313 0.30779528617858887 4850
1762613775671 0.3382761776447296 4860
1762613782640 0.2773202657699585 4870
1762613789664 0.32008394598960876 4880
1762613796667 0.39424020051956177 4890
1762613803686 0.40069571137428284 4900
1762613838072 0.2836609184741974 4910
1762613845012 0.4229947328567505 4920
1762613852030 0.36965668201446533 4930
1762613859020 0.414233922958374 4940
1762613866002 0.3363962769508362 4950
1762613900470 0.3101475238800049 4960
1762613907550 0.39443889260292053 4970
1762613914578 0.34244638681411743 4980
1762613921599 0.4158436954021454 4990
1762613928606 0.3592226207256317 5000
1762613963745 0.3788439631462097 5010
1762613970790 0.3055117130279541 5020
1762613977829 0.4052688777446747 5030
1762613984833 0.335189551115036 5040
1762613991797 0.3345554769039154 5050
1762614026206 0.442172646522522 5060
1762614033194 0.3374975025653839 5070
1762614040187 0.28729647397994995 5080
1762614047212 0.3413557708263397 5090
1762614054222 0.29647088050842285 5100
1762614088702 0.37749558687210083 5110
1762614095723 0.47429409623146057 5120
1762614102735 0.3447243869304657 5130
1762614109729 0.3836411237716675 5140
1762614116787 0.36905938386917114 5150
1762614151202 0.30676135420799255 5160
1762614158260 0.3509354591369629 5170
1762614165290 0.3254747688770294 5180
1762614172285 0.3360241949558258 5190
1762614179247 0.3471699357032776 5200
1762614213668 0.40994518995285034 5210
1762614220722 0.33877718448638916 5220
1762614227722 0.32386523485183716 5230
1762614234723 0.3078362047672272 5240
1762614241751 0.32107505202293396 5250
1762614276997 0.33396774530410767 5260
1762614283961 0.27455803751945496 5270
1762614291017 0.32755181193351746 5280
1762614298006 0.5065210461616516 5290
1762614305028 0.31411266326904297 5300
1762614339393 0.29296672344207764 5310
1762614346423 0.3415292799472809 5320
1762614353445 0.37459149956703186 5330
1762614360507 0.4366949498653412 5340
1762614367551 0.3477848768234253 5350
1762614401933 0.31830617785453796 5360
1762614408958 0.4064890444278717 5370
1762614415951 0.378620982170105 5380
1762614422957 0.3424954414367676 5390
1762614429960 0.3497047424316406 5400
1762614464274 0.32929426431655884 5410
1762614471297 0.2961669862270355 5420
1762614478257 0.4267819821834564 5430
1762614485260 0.3737516403198242 5440
1762614492288 0.36716827750205994 5450
1762614526733 0.36207589507102966 5460
1762614533769 0.3736889064311981 5470
1762614540817 0.3446020781993866 5480
1762614547789 0.3483739197254181 5490
1762614554751 0.32437920570373535 5500
1762614589895 0.37934747338294983 5510
1762614596937 0.2809184491634369 5520
1762614603935 0.31453797221183777 5530
1762614610930 0.37792685627937317 5540
1762614617969 0.3389144241809845 5550
1762614652366 0.4047441780567169 5560
1762614659366 0.2852931618690491 5570
1762614666425 0.39923304319381714 5580
1762614673478 0.33535119891166687 5590
1762614680456 0.3327251672744751 5600
1762614714810 0.36255306005477905 5610
