1762605788961 4.9999608002857744e-05 10
1762605795944 4.9998432023723915e-05 20
1762605802919 4.9996472099476943e-05 30
1762605809951 4.999372829157962e-05 40
1762605817001 4.999020068607712e-05 50
1762605851307 4.9985889393594345e-05 60
1762605858302 4.998079454933244e-05 70
1762605865303 4.997491631306458e-05 80
1762605872333 4.996825486913088e-05 90
1762605879334 4.996081042643271e-05 100
1762605913692 4.995258321842611e-05 110
1762605920763 4.99435735031144e-05 120
1762605927790 4.9933781563040236e-05 130
1762605934798 4.99232077052766e-05 140
1762605941842 4.991185226141725e-05 150
1762605976278 4.989971558756632e-05 160
1762605983372 4.988679806432712e-05 170
1762605990378 4.9873100096790226e-05 180
1762605997373 4.985862211452077e-05 190
1762606004330 4.984336457154497e-05 200
1762606038692 4.9827327946335875e-05 210
1762606045763 4.98105127417984e-05 220
1762606052785 4.9792919485253494e-05 230
1762606059802 4.977454872842169e-05 240
1762606066789 4.9755401047405694e-05 250
1762606101874 4.973547704267242e-05 260
1762606108955 4.97147773390341e-05 270
1762606115995 4.96933025856287e-05 280
1762606122984 4.9671053455899584e-05 290
1762606130015 4.964803064757438e-05 300
1762606164369 4.9624234882643084e-05 310
1762606171387 4.959966690733544e-05 320
1762606178424 4.957432749209755e-05 330
1762606185477 4.9548217431567665e-05 340
1762606192484 4.952133754455134e-05 350
1762606226833 4.949368867399567e-05 360
1762606233851 4.94652716869629e-05 370
1762606240795 4.943608747460328e-05 380
1762606247838 4.9406136952127015e-05 390
1762606254833 4.937542105877564e-05 400
1762607053340 4.934394075779256e-05 410
1762607060293 4.931169703639282e-05 420
1762607067264 4.927869090573214e-05 430
1762607074235 4.9244923400875245e-05 440
1762607081273 4.921039558076335e-05 450
1762607115671 4.9175108528181e-05 460
1762607122714 4.9139063349722113e-05 470
1762607129762 4.910226117575524e-05 480
1762607136772 4.906470316038814e-05 490
1762607143769 4.902639048143159e-05 500
1762607178954 4.898732434036244e-05 510
1762607185916 4.894750596228594e-05 520
1762607192950 4.890693659589733e-05 530
1762607199945 4.886561751344266e-05 540
1762607206920 4.882355001067892e-05 550
1762607241325 4.878073540683336e-05 560
1762607248264 4.873717504456219e-05 570
1762607255290 4.869287028990839e-05 580
1762607262296 4.8647822532258955e-05 590
1762607269302 4.860203318430126e-05 600
1762607303789 4.855550368197879e-05 610
1762607310878 4.8508235484446095e-05 620
1762607317925 4.846023007402305e-05 630
1762607325007 4.8411488956148344e-05 640
1762607331969 4.8362013659332294e-05 650
1762607366338 4.8311805735108894e-05 660
1762607373357 4.8260866757987177e-05 670
1762607380387 4.8209198325401815e-05 680
1762607387373 4.815680205766304e-05 690
1762607394397 4.810367959790584e-05 700
1762608578756 4.8049832612038384e-05 710
1762608585741 4.799526278868987e-05 720
1762608592737 4.793997183915745e-05 730
1762608599686 4.7883961497352686e-05 740
1762608606647 4.7827233519747086e-05 750
1762608641712 4.7769789685317045e-05 760
1762608648707 4.7711631795488096e-05 770
1762608655793 4.765276167407835e-05 780
1762608662839 4.759318116724138e-05 790
1762608669862 4.753289214340824e-05 800
1762608704339 4.747189649322894e-05 810
1762608711325 4.741019612951312e-05 820
1762608718320 4.734779298717009e-05 830
1762608725294 4.728468902314812e-05 840
1762608732337 4.722088621637309e-05 850
1762608766773 4.7156386567686445e-05 860
1762608773800 4.709119209978242e-05 870
1762608780875 4.702530485714461e-05 880
1762608787895 4.6958726905981906e-05 890
1762608794923 4.689146033416362e-05 900
1762608829312 4.682350725115407e-05 910
1762608836298 4.6754869787946386e-05 920
1762608843321 4.6685550096995744e-05 930
1762608850328 4.6615550352151804e-05 940
1762608857344 4.6544872748590553e-05 950
1762608891743 4.6473519502745476e-05 960
1762608898782 4.640149285223806e-05 970
1762608905832 4.6328795055807595e-05 980
1762608912881 4.625542839324036e-05 990
1762608919935 4.618139516529811e-05 1000
1762608955161 4.6106697693645955e-05 1010
1762608962224 4.6031338320779534e-05 1020
1762608969245 4.595531940995154e-05 1030
1762608976206 4.5878643345097644e-05 1040
1762608983187 4.580131253076171e-05 1050
1762609017539 4.5723329392020396e-05 1060
1762609024534 4.5644696374407105e-05 1070
1762609031528 4.5565415943835285e-05 1080
1762609038577 4.5485490586521116e-05 1090
1762609045595 4.540492280890555e-05 1100
1762609080016 4.532371513757564e-05 1110
1762609086995 4.5241870119185426e-05 1120
1762609093979 4.515939032037595e-05 1130
1762609100995 4.507627832769486e-05 1140
1762609107994 4.4992536747515234e-05 1150
1762609142387 4.49081682059539e-05 1160
1762609149476 4.482317534878901e-05 1170
1762609156511 4.4737560841377146e-05 1180
1762609163583 4.465132736856969e-05 1190
1762609170660 4.456447763462863e-05 1200
1762609205039 4.447701436314176e-05 1210
1762609212007 4.43889402969373e-05 1220
1762609219050 4.43002581979978e-05 1230
1762609226040 4.4210970847373636e-05 1240
1762609233033 4.412108104509569e-05 1250
1762609268221 4.4030591610087624e-05 1260
1762609275186 4.393950538007743e-05 1270
1762609282195 4.3847825211508456e-05 1280
1762609289207 4.375555397944983e-05 1290
1762609296190 4.3662694577506286e-05 1300
1762609330485 4.356924991772745e-05 1310
1762609337525 4.347522293051648e-05 1320
1762609344552 4.338061656453821e-05 1330
1762609351507 4.328543378662664e-05 1340
1762609358529 4.318967758169192e-05 1350
1762609392987 4.309335095262676e-05 1360
1762609399979 4.299645692021221e-05 1370
1762609406982 4.289899852302298e-05 1380
1762609414012 4.2800978817332136e-05 1390
1762609421032 4.270240087701522e-05 1400
1762609455346 4.260326779345393e-05 1410
1762609462364 4.250358267543907e-05 1420
1762609469344 4.2403348649073174e-05 1430
1762609476323 4.2302568857672375e-05 1440
1762609483325 4.220124646166791e-05 1450
1762609517739 4.209938463850695e-05 1460
1762609524808 4.199698658255298e-05 1470
1762609531781 4.189405550498561e-05 1480
1762609538804 4.1790594633699917e-05 1490
1762609545790 4.168660721320517e-05 1500
1762609580955 4.1582096504523105e-05 1510
1762609588000 4.1477065785085634e-05 1520
1762609595036 4.137151834863213e-05 1530
1762609602055 4.126545750510605e-05 1540
1762609609066 4.1158886580551224e-05 1550
1762609643463 4.105180891700746e-05 1560
1762609650568 4.094422787240581e-05 1570
1762609657574 4.083614682046324e-05 1580
1762609664610 4.072756915057683e-05 1590
1762609671616 4.0618498267717494e-05 1600
1762609705992 4.050893759232317e-05 1610
1762609713055 4.039889056019159e-05 1620
1762609719995 4.028836062237254e-05 1630
1762609727035 4.017735124505958e-05 1640
1762609734042 4.0065865909481417e-05 1650
1762609768384 3.995390811179267e-05 1660
1762609775353 3.984148136296431e-05 1670
1762609782392 3.972858918867344e-05 1680
1762609789332 3.961523512919286e-05 1690
1762609796338 3.9501422739279956e-05 1700
1762609830758 3.938715558806525e-05 1710
1762609837778 3.9272437258940494e-05 1720
1762609844817 3.9157271349446254e-05 1730
1762609851809 3.904166147115912e-05 1740
1762609858802 3.892561124957844e-05 1750
1762609893994 3.880912432401265e-05 1760
1762609901040 3.869220434746509e-05 1770
1762609908113 3.857485498651949e-05 1780
1762609915130 3.8457079921224994e-05 1790
1762609922105 3.833888284498071e-05 1800
1762609956571 3.8220267464419946e-05 1810
1762609963588 3.81012374992939e-05 1820
1762609970585 3.798179668235508e-05 1830
1762609977644 3.786194875924019e-05 1840
1762609984640 3.774169748835269e-05 1850
1762610019033 3.7621046640744975e-05 1860
1762610025981 3.7500000000000003e-05 1870
1762610033037 3.737856136211279e-05 1880
1762610040062 3.7256734535371225e-05 1890
1762610047037 3.713452334023676e-05 1900
1762610081388 3.7011931609224546e-05 1910
1762610088418 3.6888963186783224e-05 1920
1762610095476 3.67656219291744e-05 1930
1762610102447 3.6641911704351734e-05 1940
1762610109514 3.6517836391839586e-05 1950
1762610143946 3.6393399882611394e-05 1960
1762610150989 3.626860607896764e-05 1970
1762610158042 3.6143458894413465e-05 1980
1762610165017 3.6017962253535964e-05 1990
1762610172082 3.589212009188112e-05 2000
1762610207630 3.5765936355830356e-05 2010
1762610214659 3.563941500247676e-05 2020
1762610221635 3.5512559999501064e-05 2030
1762610228680 3.5385375325047166e-05 2040
1762610235654 3.525786496759736e-05 2050
1762610270034 3.5130032925847335e-05 2060
1762610276992 3.5001883208580665e-05 2070
1762610283980 3.4873419834543205e-05 2080
1762610291005 3.474464683231698e-05 2090
1762610298031 3.461556824019392e-05 2100
1762610332431 3.448618810604916e-05 2110
1762610339445 3.43565104872141e-05 2120
1762610346515 3.422653945034925e-05 2130
1762610353589 3.4096279071316606e-05 2140
1762610360601 3.3965733435051866e-05 2150
1762610394971 3.383490663543635e-05 2160
1762610401967 3.370380277516858e-05 2170
1762610408957 3.357242596563563e-05 2180
1762610415949 3.344078032678422e-05 2190
1762610422950 3.330886998699149e-05 2200
1762610457412 3.3176699082935545e-05 2210
1762610464392 3.30442717594657e-05 2220
1762610471514 3.2911592169472566e-05 2230
1762610478513 3.277866447375774e-05 2240
1762610485512 3.264549284090336e-05 2250
1762610520639 3.2512081447141406e-05 2260
1762610527626 3.2378434476222666e-05 2270
1762610534651 3.2244556119285616e-05 2280
1762610541632 3.211045057472491e-05 2290
1762610548685 3.197612204805976e-05 2300
1762610583051 3.1841574751802076e-05 2310
1762610590066 3.1706812905324276e-05 2320
1762610597171 3.157184073472709e-05 2330
1762610604245 3.1436662472706895e-05 2340
1762610611311 3.130128235842311e-05 2350
1762610645625 3.1165704637365164e-05 2360
1762610652683 3.1029933561219375e-05 2370
1762610659674 3.0893973387735687e-05 2380
1762610666692 3.075782838059402e-05 2390
1762610673755 3.06215028092707e-05 2400
1762610708097 3.0485000948904462e-05 2410
1762610715051 3.0348327080162435e-05 2420
1762610722041 3.0211485489105917e-05 2430
1762610729035 3.0074480467055905e-05 2440
1762610736025 2.9937316310458574e-05 2450
1762610770396 2.9799997320750507e-05 2460
1762610777420 2.9662527804223827e-05 2470
1762610784402 2.9524912071891164e-05 2480
1762610791418 2.9387154439350406e-05 2490
1762610798430 2.9249259226649417e-05 2500
1762610833653 2.9111230758150543e-05 2510
1762610840741 2.8973073362394998e-05 2520
1762610847760 2.8834791371967142e-05 2530
1762610854745 2.8696389123358553e-05 2540
1762610861787 2.8557870956832132e-05 2550
1762610896173 2.8419241216285902e-05 2560
1762610903190 2.828050424911683e-05 2570
1762610910188 2.8141664406084495e-05 2580
1762610917225 2.800272604117463e-05 2590
1762610924237 2.7863693511462603e-05 2600
1762610958610 2.7724571176976732e-05 2610
1762610965594 2.7585363400561658e-05 2620
1762610972626 2.7446074547741408e-05 2630
1762610979657 2.7306708986582553e-05 2640
1762610986654 2.7167271087557244e-05 2650
1762611020978 2.70277652234061e-05 2660
1762611028009 2.6888195769001146e-05 2670
1762611035039 2.6748567101208548e-05 2680
1762611042009 2.660888359875141e-05 2690
1762611049033 2.646914964207245e-05 2700
1762611083426 2.6329369613196574e-05 2710
1762611090422 2.6189547895593562e-05 2720
1762611097435 2.604968887404049e-05 2730
1762611104455 2.5909796934484308e-05 2740
1762611111494 2.5769876463904265e-05 2750
1762611146655 2.562993185017431e-05 2760
1762611153690 2.548996748192556e-05 2770
1762611160721 2.534998774840859e-05 2780
1762611167706 2.5209997039355837e-05 2790
1762611174755 2.5069999744843948e-05 2800
1762611209073 2.493000025515606e-05 2810
1762611216107 2.479000296064417e-05 2820
1762611223094 2.465001225159141e-05 2830
1762611230119 2.4510032518074443e-05 2840
1762611237137 2.437006814982569e-05 2850
1762611271517 2.4230123536095748e-05 2860
1762611278564 2.4090203065515695e-05 2870
1762611285537 2.395031112595951e-05 2880
1762611292613 2.3810452104406444e-05 2890
1762611299736 2.3670630386803425e-05 2900
1762611334074 2.353085035792756e-05 2910
1762611341100 2.339111640124859e-05 2920
1762611348100 2.3251432898791454e-05 2930
1762611355089 2.3111804230998863e-05 2940
1762611362100 2.29722347765939e-05 2950
1762611396535 2.283272891244277e-05 2960
1762611403475 2.2693291013417453e-05 2970
1762611410473 2.2553925452258595e-05 2980
1762611417458 2.2414636599438345e-05 2990
1762611424476 2.2275428823023263e-05 3000
1762611459584 2.2136306488537413e-05 3010
1762611466628 2.1997273958825375e-05 3020
1762611473611 2.1858335593915504e-05 3030
1762611480590 2.1719495750883172e-05 3040
1762611487587 2.1580758783714104e-05 3050
1762611521967 2.1442129043167874e-05 3060
1762611528960 2.130361087664145e-05 3070
1762611535961 2.116520862803286e-05 3080
1762611542949 2.1026926637605008e-05 3090
1762611549971 2.088876924184946e-05 3100
1762611584335 2.0750740773350592e-05 3110
1762611591442 2.0612845560649603e-05 3120
1762611598497 2.0475087928108835e-05 3130
1762611605496 2.033747219577618e-05 3140
1762611612509 2.02000026792495e-05 3150
1762611646842 2.006268368954144e-05 3160
1762611653948 1.9925519532944104e-05 3170
1762611660908 1.9788514510894082e-05 3180
1762611667938 1.965167291983757e-05 3190
1762611674950 1.9514999051095544e-05 3200
1762611709338 1.937849719072931e-05 3210
1762611716398 1.9242171619405986e-05 3220
1762611723447 1.9106026612264316e-05 3230
1762611730470 1.8970066438780628e-05 3240
1762611737476 1.8834295362634842e-05 3250
1762611772673 1.8698717641576897e-05 3260
1762611779726 1.856333752729311e-05 3270
1762611786723 1.8428159265272917e-05 3280
1762611793739 1.829318709467573e-05 3290
1762611800735 1.815842524819793e-05 3300
1762611835053 1.8023877951940237e-05 3310
1762611842124 1.7889549425275093e-05 3320
1762611849128 1.7755443880714383e-05 3330
1762611856140 1.762156552377734e-05 3340
1762611863158 1.74879185528586e-05 3350
1762611897574 1.7354507159096647e-05 3360
1762611904554 1.722133552624227e-05 3370
1762611911555 1.7088407830527443e-05 3380
1762611918586 1.6955728240534305e-05 3390
1762611925681 1.682330091706446e-05 3400
1762611960108 1.6691130013008514e-05 3410
1762611967182 1.6559219673215784e-05 3420
1762611974224 1.6427574034364378e-05 3430
1762611981224 1.6296197224831435e-05 3440
1762611988277 1.6165093364563654e-05 3450
1762612022632 1.6034266564948137e-05 3460
1762612029638 1.59037209286834e-05 3470
1762612036677 1.5773460549650753e-05 3480
1762612043635 1.564348951278591e-05 3490
1762612050645 1.551381189395085e-05 3500
1762612085794 1.5384431759806083e-05 3510
1762612092770 1.5255353167683017e-05 3520
1762612099749 1.5126580165456799e-05 3530
1762612106713 1.4998116791419342e-05 3540
1762612113741 1.4869967074152669e-05 3550
1762612148212 1.474213503240264e-05 3560
1762612155281 1.4614624674952842e-05 3570
1762612162270 1.4487440000498939e-05 3580
1762612169296 1.4360584997523252e-05 3590
1762612176337 1.4234063644169654e-05 3600
1762612210754 1.4107879908118873e-05 3610
1762612217787 1.3982037746464043e-05 3620
1762612224844 1.3856541105586545e-05 3630
1762612231833 1.3731393921032376e-05 3640
1762612238889 1.3606600117388607e-05 3650
1762612273362 1.3482163608160408e-05 3660
1762612280368 1.3358088295648274e-05 3670
1762612287365 1.3234378070825603e-05 3680
1762612294340 1.3111036813216792e-05 3690
1762612301306 1.298806839077546e-05 3700
1762612335773 1.2865476659763231e-05 3710
1762612342846 1.2743265464628786e-05 3720
1762612349842 1.2621438637887222e-05 3730
1762612356799 1.2500000000000006e-05 3740
1762612363776 1.2378953359255036e-05 3750
1762612398975 1.2258302511647312e-05 3760
1762612405989 1.2138051240759826e-05 3770
1762612413005 1.201820331764493e-05 3780
1762612420037 1.189876250070611e-05 3790
1762612427052 1.177973253558006e-05 3800
1762612461484 1.1661117155019293e-05 3810
1762612468523 1.1542920078775018e-05 3820
1762612475575 1.1425145013480516e-05 3830
1762612482556 1.1307795652534923e-05 3840
1762612489635 1.1190875675987356e-05 3850
1762612523953 1.1074388750421563e-05 3860
1762612530975 1.0958338528840893e-05 3870
1762612537956 1.0842728650553752e-05 3880
1762612544930 1.072756274105951e-05 3890
1762612551915 1.0612844411934746e-05 3900
1762612586258 1.049857726072005e-05 3910
1762612593273 1.0384764870807149e-05 3920
1762612600288 1.0271410811326565e-05 3930
1762612607342 1.0158518637035704e-05 3940
1762612614323 1.004609188820733e-05 3950
1762612648761 9.934134090518593e-06 3960
1762612655805 9.822648754940431e-06 3970
1762612662815 9.711639377627466e-06 3980
1762612669904 9.601109439808412e-06 3990
1762612676920 9.491062407676831e-06 4000
1762612712042 9.38150173228251e-06 4010
1762612719052 9.272430849423174e-06 4020
1762612726056 9.163853179536763e-06 4030
1762612733024 9.0557721275942e-06 4040
1762612740020 8.948191082992546e-06 4050
1762612774358 8.841113419448786e-06 4060
1762612781381 8.734542494893955e-06 4070
1762612788329 8.628481651367876e-06 4080
1762612795334 8.522934214914372e-06 4090
1762612802372 8.4179034954769e-06 4100
1762612836796 8.313392786794833e-06 4110
1762612843789 8.209405366300088e-06 4120
1762612850787 8.105944495014393e-06 4130
1762612857751 8.003013417447034e-06 4140
1762612864739 7.900615361493051e-06 4150
1762612899138 7.798753538332093e-06 4160
1762612906150 7.697431142327632e-06 4170
1762612913198 7.5966513509268365e-06 4180
1762612920207 7.49641732456094e-06 4190
1762612927224 7.396732206546081e-06 4200
1762612961593 7.29759912298478e-06 4210
1762612968620 7.199021182667873e-06 4220
1762612975674 7.1010014769770204e-06 4230
1762612982666 7.0035430797877974e-06 4240
1762612989716 6.906649047373246e-06 4250
1762613024884 6.810322418308085e-06 4260
1762613031902 6.7145662133733715e-06 4270
1762613038950 6.619383435461795e-06 4280
1762613045942 6.524777069483526e-06 4290
1762613052924 6.430750082272554e-06 4300
1762613087236 6.337305422493719e-06 4310
1762613094220 6.244446020550182e-06 4320
1762613101191 6.1521747884915465e-06 4330
1762613108186 6.060494619922575e-06 4340
1762613115185 5.969408389912376e-06 4350
1762613149742 5.878918954904314e-06 4360
1762613156721 5.789029152626374e-06 4370
1762613163764 5.699741802002201e-06 4380
1762613170787 5.611059703062713e-06 4390
1762613177806 5.522985636858239e-06 4400
1762613212143 5.435522365371376e-06 4410
1762613219150 5.348672631430318e-06 4420
1762613226201 5.262439158622856e-06 4430
1762613233199 5.17682465121099e-06 4440
1762613240229 5.0918317940461066e-06 4450
1762613274597 5.007463252484767e-06 4460
1762613281665 4.9237216723051485e-06 4470
1762613288698 4.840609679624053e-06 4480
1762613295661 4.758129880814574e-06 4490
1762613302669 4.6762848624243575e-06 4500
1762613337741 4.5950771910944605e-06 4510
1762613344683 4.514509413478888e-06 4520
1762613351772 4.4345840561647204e-06 4530
1762613358817 4.355303625592899e-06 4540
1762613365824 4.276670607979608e-06 4550
1762613400234 4.198687469238297e-06 4560
1762613407260 4.121356654902364e-06 4570
1762613414271 4.0446805900484635e-06 4580
1762613421286 3.968661679220468e-06 4590
1762613428268 3.893302306354046e-06 4600
1762613462641 3.818604834701894e-06 4610
1762613469708 3.7445716067596503e-06 4620
1762613476760 3.671204944192408e-06 4630
1762613483774 3.5985071477619397e-06 4640
1762613490788 3.526480497254528e-06 4650
1762613525180 3.4551272514094566e-06 4660
1762613532178 3.3844496478482064e-06 4670
1762613539174 3.3144499030042575e-06 4680
1762613546187 3.2451302120536155e-06 4690
1762613553152 3.176492748845941e-06 4700
1762613587556 3.108539665836388e-06 4710
1762613594551 3.0412730940181015e-06 4720
1762613601573 2.974695142855388e-06 4730
1762613608643 2.908807900217583e-06 4740
1762613615608 2.843613432313558e-06 4750
1762613650728 2.779113783626916e-06 4760
1762613657844 2.7153109768518925e-06 4770
1762613664881 2.652207012829916e-06 4780
1762613671839 2.5898038704868818e-06 4790
1762613678869 2.5281035067710653e-06 4800
1762613713241 2.4671078565917632e-06 4810
1762613720233 2.4068188327586257e-06 4820
1762613727271 2.347238325921647e-06 4830
1762613734250 2.2883682045119063e-06 4840
1762613741313 2.2302103146829595e-06 4850
1762613775671 2.1727664802529216e-06 4860
1762613782640 2.116038502647319e-06 4870
1762613789664 2.0600281608425503e-06 4880
1762613796667 2.0047372113101344e-06 4890
1762613803686 1.9501673879616182e-06 4900
1762613838072 1.8963204020941677e-06 4910
1762613845012 1.8431979423369604e-06 4920
1762613852030 1.790801674598186e-06 4930
1762613859020 1.7391332420128193e-06 4940
1762613866002 1.6881942648911076e-06 4950
1762613900470 1.6379863406677104e-06 4960
1762613907550 1.588511043851662e-06 4970
1762613914578 1.5397699259769554e-06 4980
1762613921599 1.4917645155539062e-06 4990
1762613928606 1.4444963180212185e-06 5000
1762613963745 1.3979668156987425e-06 5010
1762613970790 1.3521774677410476e-06 5020
1762613977829 1.307129710091609e-06 5030
1762613984833 1.2628249554378135e-06 5040
1762613991797 1.2192645931666441e-06 5050
1762614026206 1.1764499893210878e-06 5060
1762614033194 1.134382486557342e-06 5070
1762614040187 1.0930634041026733e-06 5080
1762614047212 1.0524940377140635e-06 5090
1762614054222 1.0126756596375686e-06 5100
1762614088702 9.736095185684136e-07 5110
1762614095723 9.352968396118628e-07 5120
1762614102735 8.977388242447593e-07 5130
1762614109729 8.609366502778854e-07 5140
1762614116787 8.248914718190004e-07 5150
1762614151202 7.896044192366586e-07 5160
1762614158260 7.550765991247654e-07 5170
1762614165290 7.213090942678608e-07 5180
1762614172285 6.883029636071819e-07 5190
1762614179247 6.56059242207438e-07 5200
1762614213668 6.245789412243603e-07 5210
1762614220722 5.938630478729917e-07 5220
1762614227722 5.639125253967259e-07 5230
1762614234723 5.347283130371e-07 5240
1762614241751 5.063113260043412e-07 5250
1762614276997 4.786624554486641e-07 5260
1762614283961 4.517825684323324e-07 5270
1762614291017 4.256725079024554e-07 5280
1762614298006 4.003330926645649e-07 5290
1762614305028 3.7576511735692434e-07 5300
1762614339393 3.51969352425624e-07 5310
1762614346423 3.2894654410041417e-07 5320
1762614353445 3.066974143713014e-07 5330
1762614360507 2.852226609659059e-07 5340
1762614367551 2.6452295732758424e-07 5350
1762614401933 2.4459895259430766e-07 5360
1762614408958 2.2545127157831413e-07 5370
1762614415951 2.0708051474650214e-07 5380
1762614422957 1.8948725820160662e-07 5390
1762614429960 1.726720536641274e-07 5400
1762614464274 1.5663542845503477e-07 5410
1762614471297 1.4137788547923246e-07 5420
1762614478257 1.2689990320977896e-07 5430
1762614485260 1.1320193567288529e-07 5440
1762614492288 1.0028441243368492e-07 5450
1762614526733 8.814773858275004e-08 5460
1762614533769 7.679229472340176e-08 5470
1762614540817 6.621843695976404e-08 5480
1762614547789 5.642649688559487e-08 5490
1762614554751 4.741678157389739e-08 5500
1762614589895 3.918957356728592e-08 5510
1762614596937 3.1745130869123566e-08 5520
1762614603935 2.5083686935425955e-08 5530
1762614610930 1.9205450667558743e-08 5540
1762614617969 1.4110606405662308e-08 5550
1762614652366 9.799313922889685e-09 5560
1762614659366 6.271708420385603e-09 5570
1762614666425 3.5279005230565155e-09 5580
1762614673478 1.5679762760900663e-09 5590
1762614680456 3.919971422572388e-10 5600
1762614714810 0.0 5610
