1762605788961 2.309 10
1762605795944 1.8662 20
1762605802919 1.52 30
1762605809951 1.1794 40
1762605817001 0.8008 50
1762605851307 0.4741 60
1762605858302 0.2911 70
1762605865303 0.2275 80
1762605872333 0.1927 90
1762605879334 0.1646 100
1762605913692 0.1622 110
1762605920763 0.1581 120
1762605927790 0.1473 130
1762605934798 0.1428 140
1762605941842 0.138 150
1762605976278 0.1393 160
1762605983372 0.1294 170
1762605990378 0.1261 180
1762605997373 0.1208 190
1762606004330 0.122 200
1762606038692 0.1177 210
1762606045763 0.1177 220
1762606052785 0.1172 230
1762606059802 0.1156 240
1762606066789 0.1139 250
1762606101874 0.1078 260
1762606108955 0.1103 270
1762606115995 0.109 280
1762606122984 0.107 290
1762606130015 0.102 300
1762606164369 0.1042 310
1762606171387 0.1029 320
1762606178424 0.0995 330
1762606185477 0.0945 340
1762606192484 0.1018 350
1762606226833 0.0945 360
1762606233851 0.0963 370
1762606240795 0.0976 380
1762606247838 0.1027 390
1762606254833 0.0955 400
1762607053340 0.0973 410
1762607060293 0.0927 420
1762607067264 0.0922 430
1762607074235 0.097 440
1762607081273 0.0891 450
1762607115671 0.0967 460
1762607122714 0.09 470
1762607129762 0.0937 480
1762607136772 0.0928 490
1762607143769 0.0957 500
1762607178954 0.0927 510
1762607185916 0.091 520
1762607192950 0.0859 530
1762607199945 0.0898 540
1762607206920 0.089 550
1762607241325 0.0897 560
1762607248264 0.0841 570
1762607255290 0.0907 580
1762607262296 0.0843 590
1762607269302 0.0892 600
1762607303789 0.0897 610
1762607310878 0.0893 620
1762607317925 0.0913 630
1762607325007 0.0839 640
1762607331969 0.0827 650
1762607366338 0.0849 660
1762607373357 0.0906 670
1762607380387 0.0834 680
1762607387373 0.0846 690
1762607394397 0.0879 700
1762608578756 0.0823 710
1762608585741 0.0874 720
1762608592737 0.0865 730
1762608599686 0.0834 740
1762608606647 0.0834 750
1762608641712 0.084 760
1762608648707 0.0858 770
1762608655793 0.081 780
1762608662839 0.0842 790
1762608669862 0.082 800
1762608704339 0.08 810
1762608711325 0.0871 820
1762608718320 0.0813 830
1762608725294 0.0787 840
1762608732337 0.0804 850
1762608766773 0.0814 860
1762608773800 0.0799 870
1762608780875 0.0825 880
1762608787895 0.0825 890
1762608794923 0.0851 900
1762608829312 0.0822 910
1762608836298 0.0811 920
1762608843321 0.0789 930
1762608850328 0.0835 940
1762608857344 0.0802 950
1762608891743 0.0825 960
1762608898782 0.0799 970
1762608905832 0.0759 980
1762608912881 0.0781 990
1762608919935 0.0796 1000
1762608955161 0.077 1010
1762608962224 0.0784 1020
1762608969245 0.0813 1030
1762608976206 0.0797 1040
1762608983187 0.079 1050
1762609017539 0.0786 1060
1762609024534 0.0796 1070
1762609031528 0.0803 1080
1762609038577 0.0794 1090
1762609045595 0.0784 1100
1762609080016 0.0782 1110
1762609086995 0.0803 1120
1762609093979 0.0752 1130
1762609100995 0.0755 1140
1762609107994 0.077 1150
1762609142387 0.0806 1160
1762609149476 0.0788 1170
1762609156511 0.0754 1180
1762609163583 0.0788 1190
1762609170660 0.0749 1200
1762609205039 0.0781 1210
1762609212007 0.0773 1220
1762609219050 0.0764 1230
1762609226040 0.0741 1240
1762609233033 0.0763 1250
1762609268221 0.0786 1260
1762609275186 0.0767 1270
1762609282195 0.0772 1280
1762609289207 0.0743 1290
1762609296190 0.0756 1300
1762609330485 0.0743 1310
1762609337525 0.0758 1320
1762609344552 0.0758 1330
1762609351507 0.0731 1340
1762609358529 0.0728 1350
1762609392987 0.0781 1360
1762609399979 0.0745 1370
1762609406982 0.0743 1380
1762609414012 0.074 1390
1762609421032 0.0747 1400
1762609455346 0.0724 1410
1762609462364 0.0757 1420
1762609469344 0.0717 1430
1762609476323 0.0754 1440
1762609483325 0.0738 1450
1762609517739 0.0755 1460
1762609524808 0.0748 1470
1762609531781 0.0734 1480
1762609538804 0.0737 1490
1762609545790 0.0751 1500
1762609580955 0.0721 1510
1762609588000 0.0719 1520
1762609595036 0.0712 1530
1762609602055 0.0723 1540
1762609609066 0.0724 1550
1762609643463 0.0752 1560
1762609650568 0.072 1570
1762609657574 0.0702 1580
1762609664610 0.0715 1590
1762609671616 0.0732 1600
1762609705992 0.0708 1610
1762609713055 0.0722 1620
1762609719995 0.0741 1630
1762609727035 0.0721 1640
1762609734042 0.0715 1650
1762609768384 0.0719 1660
1762609775353 0.0731 1670
1762609782392 0.0707 1680
1762609789332 0.0679 1690
1762609796338 0.0692 1700
1762609830758 0.0685 1710
1762609837778 0.0704 1720
1762609844817 0.0694 1730
1762609851809 0.0726 1740
1762609858802 0.0698 1750
1762609893994 0.0701 1760
1762609901040 0.0707 1770
1762609908113 0.0686 1780
1762609915130 0.0692 1790
1762609922105 0.0703 1800
1762609956571 0.0683 1810
1762609963588 0.0684 1820
1762609970585 0.0666 1830
1762609977644 0.0677 1840
1762609984640 0.0696 1850
1762610019033 0.0695 1860
1762610025981 0.0702 1870
1762610033037 0.0659 1880
1762610040062 0.067 1890
1762610047037 0.0646 1900
1762610081388 0.0634 1910
1762610088418 0.0657 1920
1762610095476 0.064 1930
1762610102447 0.0657 1940
1762610109514 0.0659 1950
1762610143946 0.0644 1960
1762610150989 0.0644 1970
1762610158042 0.0605 1980
1762610165017 0.0624 1990
1762610172082 0.0605 2000
1762610207630 0.0606 2010
1762610214659 0.0585 2020
1762610221635 0.0587 2030
1762610228680 0.0583 2040
1762610235654 0.057 2050
1762610270034 0.0564 2060
1762610276992 0.0552 2070
1762610283980 0.0538 2080
1762610291005 0.0536 2090
1762610298031 0.0523 2100
1762610332431 0.052 2110
1762610339445 0.0535 2120
1762610346515 0.0494 2130
1762610353589 0.0499 2140
1762610360601 0.049 2150
1762610394971 0.0508 2160
1762610401967 0.048 2170
1762610408957 0.0495 2180
1762610415949 0.0477 2190
1762610422950 0.0475 2200
1762610457412 0.0473 2210
1762610464392 0.0477 2220
1762610471514 0.0472 2230
1762610478513 0.0499 2240
1762610485512 0.0454 2250
1762610520639 0.0469 2260
1762610527626 0.0451 2270
1762610534651 0.0458 2280
1762610541632 0.0457 2290
1762610548685 0.046 2300
1762610583051 0.0458 2310
1762610590066 0.044 2320
1762610597171 0.0449 2330
1762610604245 0.0471 2340
1762610611311 0.0466 2350
1762610645625 0.0469 2360
1762610652683 0.0463 2370
1762610659674 0.0446 2380
1762610666692 0.0453 2390
1762610673755 0.0454 2400
1762610708097 0.0441 2410
1762610715051 0.0453 2420
1762610722041 0.0458 2430
1762610729035 0.045 2440
1762610736025 0.0433 2450
1762610770396 0.0426 2460
1762610777420 0.0455 2470
1762610784402 0.0434 2480
1762610791418 0.0444 2490
1762610798430 0.0442 2500
1762610833653 0.0422 2510
1762610840741 0.0454 2520
1762610847760 0.0446 2530
1762610854745 0.0446 2540
1762610861787 0.0426 2550
1762610896173 0.0451 2560
1762610903190 0.0425 2570
1762610910188 0.0458 2580
1762610917225 0.0448 2590
1762610924237 0.0442 2600
1762610958610 0.0431 2610
1762610965594 0.0434 2620
1762610972626 0.0422 2630
1762610979657 0.0432 2640
1762610986654 0.0443 2650
1762611020978 0.0441 2660
1762611028009 0.0457 2670
1762611035039 0.0397 2680
1762611042009 0.0426 2690
1762611049033 0.0436 2700
1762611083426 0.0419 2710
1762611090422 0.0424 2720
1762611097435 0.0417 2730
1762611104455 0.0419 2740
1762611111494 0.0433 2750
1762611146655 0.0438 2760
1762611153690 0.0454 2770
1762611160721 0.0447 2780
1762611167706 0.0433 2790
1762611174755 0.0418 2800
1762611209073 0.0418 2810
1762611216107 0.0411 2820
1762611223094 0.0418 2830
1762611230119 0.0424 2840
1762611237137 0.0419 2850
1762611271517 0.0439 2860
1762611278564 0.0415 2870
1762611285537 0.042 2880
1762611292613 0.0409 2890
1762611299736 0.0411 2900
1762611334074 0.042 2910
1762611341100 0.0419 2920
1762611348100 0.0435 2930
1762611355089 0.042 2940
1762611362100 0.0421 2950
1762611396535 0.0442 2960
1762611403475 0.0414 2970
1762611410473 0.0432 2980
1762611417458 0.0424 2990
1762611424476 0.0409 3000
1762611459584 0.041 3010
1762611466628 0.0404 3020
1762611473611 0.0392 3030
1762611480590 0.0417 3040
1762611487587 0.0416 3050
1762611521967 0.043 3060
1762611528960 0.0416 3070
1762611535961 0.0431 3080
1762611542949 0.0404 3090
1762611549971 0.0426 3100
1762611584335 0.0402 3110
1762611591442 0.0421 3120
1762611598497 0.0407 3130
1762611605496 0.0416 3140
1762611612509 0.0403 3150
1762611646842 0.0409 3160
1762611653948 0.042 3170
1762611660908 0.0402 3180
1762611667938 0.0392 3190
1762611674950 0.0397 3200
1762611709338 0.0406 3210
1762611716398 0.0404 3220
1762611723447 0.0397 3230
1762611730470 0.0411 3240
1762611737476 0.0395 3250
1762611772673 0.0403 3260
1762611779726 0.0414 3270
1762611786723 0.0414 3280
1762611793739 0.0394 3290
1762611800735 0.0417 3300
1762611835053 0.0408 3310
1762611842124 0.0401 3320
1762611849128 0.0413 3330
1762611856140 0.0407 3340
1762611863158 0.0413 3350
1762611897574 0.0405 3360
1762611904554 0.0408 3370
1762611911555 0.039 3380
1762611918586 0.0396 3390
1762611925681 0.04 3400
1762611960108 0.0397 3410
1762611967182 0.0385 3420
1762611974224 0.04 3430
1762611981224 0.0389 3440
1762611988277 0.0402 3450
1762612022632 0.0401 3460
1762612029638 0.0409 3470
1762612036677 0.0399 3480
1762612043635 0.039 3490
1762612050645 0.04 3500
1762612085794 0.0401 3510
1762612092770 0.0394 3520
1762612099749 0.0411 3530
1762612106713 0.0412 3540
1762612113741 0.0402 3550
1762612148212 0.039 3560
1762612155281 0.0399 3570
1762612162270 0.0387 3580
1762612169296 0.0388 3590
1762612176337 0.0379 3600
1762612210754 0.0393 3610
1762612217787 0.0379 3620
1762612224844 0.042 3630
1762612231833 0.0401 3640
1762612238889 0.04 3650
1762612273362 0.0398 3660
1762612280368 0.0385 3670
1762612287365 0.0381 3680
1762612294340 0.039 3690
1762612301306 0.0404 3700
1762612335773 0.0397 3710
1762612342846 0.0397 3720
1762612349842 0.0381 3730
1762612356799 0.0394 3740
1762612363776 0.0376 3750
1762612398975 0.0388 3760
1762612405989 0.0399 3770
1762612413005 0.0381 3780
1762612420037 0.0386 3790
1762612427052 0.0368 3800
1762612461484 0.0398 3810
1762612468523 0.0401 3820
1762612475575 0.0389 3830
1762612482556 0.0385 3840
1762612489635 0.0384 3850
1762612523953 0.0386 3860
1762612530975 0.0396 3870
1762612537956 0.0397 3880
1762612544930 0.0386 3890
1762612551915 0.0387 3900
1762612586258 0.0393 3910
1762612593273 0.0385 3920
1762612600288 0.0379 3930
1762612607342 0.0391 3940
1762612614323 0.0379 3950
1762612648761 0.0381 3960
1762612655805 0.0384 3970
1762612662815 0.0383 3980
1762612669904 0.0387 3990
1762612676920 0.0381 4000
1762612712042 0.0379 4010
1762612719052 0.0385 4020
1762612726056 0.0391 4030
1762612733024 0.0363 4040
1762612740020 0.0384 4050
1762612774358 0.0383 4060
1762612781381 0.04 4070
1762612788329 0.0363 4080
1762612795334 0.0384 4090
1762612802372 0.0393 4100
1762612836796 0.0388 4110
1762612843789 0.0377 4120
1762612850787 0.0377 4130
1762612857751 0.0379 4140
1762612864739 0.0374 4150
1762612899138 0.0377 4160
1762612906150 0.0385 4170
1762612913198 0.036 4180
1762612920207 0.0376 4190
1762612927224 0.0367 4200
1762612961593 0.0406 4210
1762612968620 0.0384 4220
1762612975674 0.0395 4230
1762612982666 0.0373 4240
1762612989716 0.0374 4250
1762613024884 0.0378 4260
1762613031902 0.0391 4270
1762613038950 0.0387 4280
1762613045942 0.0368 4290
1762613052924 0.0384 4300
1762613087236 0.0371 4310
1762613094220 0.0374 4320
1762613101191 0.0378 4330
1762613108186 0.0384 4340
1762613115185 0.0391 4350
1762613149742 0.0396 4360
1762613156721 0.0361 4370
1762613163764 0.0376 4380
1762613170787 0.0375 4390
1762613177806 0.0365 4400
1762613212143 0.0362 4410
1762613219150 0.0363 4420
1762613226201 0.0372 4430
1762613233199 0.0388 4440
1762613240229 0.0368 4450
1762613274597 0.0376 4460
1762613281665 0.0385 4470
1762613288698 0.0382 4480
1762613295661 0.0379 4490
1762613302669 0.038 4500
1762613337741 0.0381 4510
1762613344683 0.037 4520
1762613351772 0.0368 4530
1762613358817 0.038 4540
1762613365824 0.038 4550
1762613400234 0.0372 4560
1762613407260 0.0373 4570
1762613414271 0.0356 4580
1762613421286 0.0361 4590
1762613428268 0.0376 4600
1762613462641 0.0365 4610
1762613469708 0.0382 4620
1762613476760 0.0368 4630
1762613483774 0.0379 4640
1762613490788 0.0374 4650
1762613525180 0.0391 4660
1762613532178 0.0374 4670
1762613539174 0.0364 4680
1762613546187 0.0367 4690
1762613553152 0.0356 4700
1762613587556 0.0374 4710
1762613594551 0.0366 4720
1762613601573 0.0364 4730
1762613608643 0.0369 4740
1762613615608 0.0373 4750
1762613650728 0.0384 4760
1762613657844 0.0389 4770
1762613664881 0.0373 4780
1762613671839 0.0356 4790
1762613678869 0.0377 4800
1762613713241 0.0368 4810
1762613720233 0.0384 4820
1762613727271 0.0367 4830
1762613734250 0.0371 4840
1762613741313 0.038 4850
1762613775671 0.037 4860
1762613782640 0.0374 4870
1762613789664 0.0354 4880
1762613796667 0.0369 4890
1762613803686 0.0374 4900
1762613838072 0.0365 4910
1762613845012 0.0365 4920
1762613852030 0.037 4930
1762613859020 0.0374 4940
1762613866002 0.0383 4950
1762613900470 0.0358 4960
1762613907550 0.0376 4970
1762613914578 0.0362 4980
1762613921599 0.037 4990
1762613928606 0.0363 5000
1762613963745 0.038 5010
1762613970790 0.0376 5020
1762613977829 0.0374 5030
1762613984833 0.037 5040
1762613991797 0.038 5050
1762614026206 0.0367 5060
1762614033194 0.0366 5070
1762614040187 0.0372 5080
1762614047212 0.0368 5090
1762614054222 0.037 5100
1762614088702 0.0382 5110
1762614095723 0.0372 5120
1762614102735 0.0368 5130
1762614109729 0.0361 5140
1762614116787 0.0362 5150
1762614151202 0.0385 5160
1762614158260 0.0368 5170
1762614165290 0.0378 5180
1762614172285 0.0364 5190
1762614179247 0.0367 5200
1762614213668 0.0362 5210
1762614220722 0.0369 5220
1762614227722 0.0371 5230
1762614234723 0.0365 5240
1762614241751 0.0359 5250
1762614276997 0.0356 5260
1762614283961 0.0372 5270
1762614291017 0.037 5280
1762614298006 0.0372 5290
1762614305028 0.0363 5300
1762614339393 0.0361 5310
1762614346423 0.0395 5320
1762614353445 0.0359 5330
1762614360507 0.0356 5340
1762614367551 0.0381 5350
1762614401933 0.0364 5360
1762614408958 0.0379 5370
1762614415951 0.038 5380
1762614422957 0.0363 5390
1762614429960 0.0365 5400
1762614464274 0.0379 5410
1762614471297 0.0356 5420
1762614478257 0.0369 5430
1762614485260 0.0349 5440
1762614492288 0.0369 5450
1762614526733 0.036 5460
1762614533769 0.0385 5470
1762614540817 0.0392 5480
1762614547789 0.0375 5490
1762614554751 0.0366 5500
1762614589895 0.0376 5510
1762614596937 0.0361 5520
1762614603935 0.0368 5530
1762614610930 0.0359 5540
1762614617969 0.037 5550
1762614652366 0.0373 5560
1762614659366 0.0361 5570
1762614666425 0.0364 5580
1762614673478 0.0363 5590
1762614680456 0.0367 5600
1762614714810 0.0362 5610
