1762605788961 0.6499125778675079 10
1762605795944 0.6856412515044212 20
1762605802919 0.7128401786088944 30
1762605809951 0.760225073993206 40
1762605851307 0.8780041113495827 60
1762605858302 0.9575513660907745 70
1762605865303 0.9635683074593544 80
1762605872333 0.9663454324007035 90
1762605913692 0.9707298666238785 110
1762605920763 0.9727448552846909 120
1762605927790 0.9740509897470474 130
1762605934798 0.9750627264380455 140
1762605976278 0.975715447217226 160
1762605983372 0.9771647557616234 170
1762605990378 0.9779159501194954 180
1762605997373 0.978741617500782 190
1762606038692 0.9791576348245143 210
1762606045763 0.9794838130474091 220
1762606052785 0.9793076813220978 230
1762606059802 0.9794625133275986 240
1762606101874 0.9806887231767177 260
1762606108955 0.9799367010593414 270
1762606115995 0.9812436580657959 280
1762606122984 0.9817650124430657 290
1762606164369 0.9822596952319145 310
1762606171387 0.9817543804645539 320
1762606178424 0.9830164387822151 330
1762606185477 0.9838494420051574 340
1762606226833 0.9835013590753079 360
1762606233851 0.9835625126957893 370
1762606240795 0.9833704933524132 380
1762606247838 0.982372696697712 390
1762607053340 0.9836968950927257 410
1762607060293 0.9841280460357666 420
1762607067264 0.9842194363474845 430
1762607074235 0.9834038957953453 440
1762607115671 0.9840880610048771 460
1762607122714 0.9848548889160156 470
1762607129762 0.9836518868803978 480
1762607136772 0.9839729905128479 490
1762607178954 0.9838441699743271 510
1762607185916 0.984737902879715 520
1762607192950 0.9853092834353447 530
1762607199945 0.9845834299921989 540
1762607241325 0.984504533559084 560
1762607248264 0.9854881554841995 570
1762607255290 0.9841726809740067 580
1762607262296 0.9856048345565795 590
1762607303789 0.9847757607698441 610
1762607310878 0.983965915441513 620
1762607317925 0.9842264279723167 630
1762607325007 0.985499820113182 640
1762607366338 0.9853500165045261 660
1762607373357 0.9842957153916359 670
1762607380387 0.9854644030332566 680
1762607387373 0.9858005717396736 690
1762608578756 0.9850839726626873 710
1762608585741 0.9848835706710816 720
1762608592737 0.9850583672523499 730
1762608599686 0.9856832161545753 740
1762608641712 0.98555428981781 760
1762608648707 0.9845299661159516 770
1762608655793 0.9859806254506112 780
1762608662839 0.985271717607975 790
1762608704339 0.9860046185553074 810
1762608711325 0.9846350505948067 820
1762608718320 0.98559210896492 830
1762608725294 0.9865693986415863 840
1762608766773 0.985921110957861 860
1762608773800 0.986164653301239 870
1762608780875 0.9857981652021408 880
1762608787895 0.9859008073806763 890
1762608829312 0.9854392580688 910
1762608836298 0.9858118519186974 920
1762608843321 0.98637053668499 930
1762608850328 0.9852840453386307 940
1762608891743 0.9858004331588746 960
1762608898782 0.9858879238367081 970
1762608905832 0.9870214954018592 980
1762608912881 0.9862907826900482 990
1762608955161 0.9863775782287121 1010
1762608962224 0.9861175537109375 1020
1762608969245 0.9855551093816757 1030
1762608976206 0.9862565293908119 1040
1762609017539 0.986352575570345 1060
1762609024534 0.9861252531409264 1070
1762609031528 0.98609429448843 1080
1762609038577 0.9859770983457565 1090
1762609080016 0.9863722309470176 1110
1762609086995 0.985990509390831 1120
1762609093979 0.9868394672870636 1130
1762609100995 0.9866587728261947 1140
1762609142387 0.9860990792512894 1160
1762609149476 0.9861228227615356 1170
1762609156511 0.986590901017189 1180
1762609163583 0.9859298646450043 1190
1762609205039 0.9865717343986035 1210
1762609212007 0.986658576130867 1220
1762609219050 0.9865302622318268 1230
1762609226040 0.9866857081651688 1240
1762609268221 0.9865522556006908 1260
1762609275186 0.9865746349096298 1270
1762609282195 0.9865727618336677 1280
1762609289207 0.9870184510946274 1290
1762609330485 0.9869892962276936 1310
1762609337525 0.986627621948719 1320
1762609344552 0.9865643337368966 1330
1762609351507 0.987480853497982 1340
1762609392987 0.9866263762116432 1360
1762609399979 0.9870259433984756 1370
1762609406982 0.9869996681809425 1380
1762609414012 0.986912427842617 1390
1762609455346 0.9868123792111874 1410
1762609462364 0.9867468416690827 1420
1762609469344 0.9873872771859169 1430
1762609476323 0.9864363953471184 1440
1762609517739 0.9868936486542225 1460
1762609524808 0.9867552205920219 1470
1762609531781 0.9870120748877526 1480
1762609538804 0.9865752607584 1490
1762609580955 0.9868589513003826 1510
1762609588000 0.9871259272098541 1520
1762609595036 0.9874129056930542 1530
1762609602055 0.987128758430481 1540
1762609643463 0.98667186871171 1560
1762609650568 0.9869619503617286 1570
1762609657574 0.9875791668891907 1580
1762609664610 0.9874514594674111 1590
1762609705992 0.9871138289570809 1610
1762609713055 0.9871755853295326 1620
1762609719995 0.9864890947937965 1630
1762609727035 0.9870583534240722 1640
1762609768384 0.9871624879539013 1660
1762609775353 0.9872452393174171 1670
1762609782392 0.9872609913349152 1680
1762609789332 0.9875059470534324 1690
1762609830758 0.987571481615305 1710
1762609837778 0.9871021851897239 1720
1762609844817 0.9875336498022079 1730
1762609851809 0.9869760349392891 1740
1762609893994 0.9873607411980629 1760
1762609901040 0.987139543890953 1770
1762609908113 0.9878643035888672 1780
1762609915130 0.9873154878616333 1790
1762609956571 0.98717707619071 1810
1762609963588 0.9873639836907386 1820
1762609970585 0.98782859146595 1830
1762609977644 0.9873871684074402 1840
1762610019033 0.987229248136282 1860
1762610025981 0.9872684091329574 1870
1762610033037 0.9876479461789132 1880
1762610040062 0.9874835953116416 1890
1762610081388 0.9879761047661304 1910
1762610088418 0.9877744242548943 1920
1762610095476 0.9877377808094024 1930
1762610102447 0.9878032609820366 1940
1762610143946 0.9873775310814381 1960
1762610150989 0.9874411821365356 1970
1762610158042 0.9877290695905685 1980
1762610165017 0.9871685147285462 1990
1762610207630 0.9873117737472057 2010
1762610214659 0.9873515412211418 2020
1762610221635 0.9871569469571113 2030
1762610228680 0.9875272557139396 2040
1762610270034 0.988555346429348 2060
1762610276992 0.9895135626196861 2070
1762610283980 0.9896916031837464 2080
1762610291005 0.989454285800457 2090
1762610332431 0.9898376293480396 2110
1762610339445 0.9893841505050659 2120
1762610346515 0.9894646555185318 2130
1762610353589 0.9897613748908043 2140
1762610394971 0.9899825356900692 2160
1762610401967 0.9896637260913849 2170
1762610408957 0.9894417628645897 2180
1762610415949 0.9893998488783836 2190
1762610457412 0.98964524269104 2210
1762610464392 0.9898490265011788 2220
1762610471514 0.9893590718507767 2230
1762610478513 0.9888476967811585 2240
1762610520639 0.9899045683443546 2260
1762610527626 0.9904094502329827 2270
1762610534651 0.9901052922010422 2280
1762610541632 0.9899458363652229 2290
1762610583051 0.9897936254739761 2310
1762610590066 0.9901162475347519 2320
1762610597171 0.9899228274822235 2330
1762610604245 0.9898233100771904 2340
1762610645625 0.9897103391587734 2360
1762610652683 0.9898385837674141 2370
1762610659674 0.9901562795042992 2380
1762610666692 0.9900222420692444 2390
1762610708097 0.990022100508213 2410
1762610715051 0.989898057281971 2420
1762610722041 0.9898248732089996 2430
1762610729035 0.9900343745946885 2440
1762610770396 0.9904051899909974 2460
1762610777420 0.9898037225008011 2470
1762610784402 0.9903069883584976 2480
1762610791418 0.9899395331740379 2490
1762610833653 0.9902369670569897 2510
1762610840741 0.9898281410336495 2520
1762610847760 0.9901776954531669 2530
1762610854745 0.9902764081954956 2540
1762610896173 0.9901832565665245 2560
1762610903190 0.9904740378260612 2570
1762610910188 0.9896300584077835 2580
1762610917225 0.9899206131696701 2590
1762610958610 0.9903218075633049 2610
1762610965594 0.9902377337217331 2620
1762610972626 0.9904271125793457 2630
1762610979657 0.9902760997414589 2640
1762611020978 0.9899970270693302 2660
1762611028009 0.9902930423617363 2670
1762611035039 0.991068497300148 2680
1762611042009 0.9906043812632561 2690
1762611083426 0.9902639083564282 2710
1762611090422 0.9905913829803467 2720
1762611097435 0.9904864326119422 2730
1762611104455 0.9907869383692741 2740
1762611146655 0.9900150015950203 2760
1762611153690 0.9900748535990715 2770
1762611160721 0.9902787864208221 2780
1762611167706 0.9904132261872292 2790
1762611209073 0.9905694857239723 2810
1762611216107 0.9907479971647263 2820
1762611223094 0.9906916245818138 2830
1762611230119 0.9908067896962166 2840
1762611271517 0.990318275988102 2860
1762611278564 0.9906111225485802 2870
1762611285537 0.9907551050186157 2880
1762611292613 0.9907050877809525 2890
1762611334074 0.9904862657189369 2910
1762611341100 0.990398496389389 2920
1762611348100 0.9901937142014503 2930
1762611355089 0.9904844164848328 2940
1762611396535 0.9903233192861081 2960
1762611403475 0.9908814534544945 2970
1762611410473 0.9902594000101089 2980
1762611417458 0.9906085565686226 2990
1762611459584 0.9907750867307186 3010
1762611466628 0.9906064242124557 3020
1762611473611 0.9909742698073387 3030
1762611480590 0.990479601919651 3040
1762611521967 0.9902607999742031 3060
1762611528960 0.9905478000640869 3070
1762611535961 0.9904075235128402 3080
1762611542949 0.9910087615251542 3090
1762611584335 0.9905731432139874 3110
1762611591442 0.9910626783967018 3120
1762611598497 0.9909505009651184 3130
1762611605496 0.9908238053321838 3140
1762611646842 0.990820175409317 3160
1762611653948 0.9907448768615723 3170
1762611660908 0.9909567922353745 3180
1762611667938 0.9914755165576935 3190
1762611709338 0.99084048345685 3210
1762611716398 0.9909454584121704 3220
1762611723447 0.9911618486046792 3230
1762611730470 0.9908709347248077 3240
1762611772673 0.9910886801779271 3260
1762611779726 0.9907126724720001 3270
1762611786723 0.9908660829067231 3280
1762611793739 0.991086520254612 3290
1762611835053 0.9907702565193176 3310
1762611842124 0.9904607579112052 3320
1762611849128 0.9909461811184883 3330
1762611856140 0.9906797379255294 3340
1762611897574 0.990562766045332 3360
1762611904554 0.9905977413058281 3370
1762611911555 0.9911557734012604 3380
1762611918586 0.9911764398217201 3390
1762611960108 0.9907409071922302 3410
1762611967182 0.9911311239004135 3420
1762611974224 0.9907997369766235 3430
1762611981224 0.9913591966032982 3440
1762612022632 0.9909382082521916 3460
1762612029638 0.9909992665052414 3470
1762612036677 0.9910441517829895 3480
1762612043635 0.991030877828598 3490
1762612085794 0.9911592468619347 3510
1762612092770 0.9911859571933747 3520
1762612099749 0.9907047927379609 3530
1762612106713 0.9909169971942902 3540
1762612148212 0.9911230772733688 3560
1762612155281 0.9910865813493729 3570
1762612162270 0.9911527290940285 3580
1762612169296 0.9911765277385711 3590
1762612210754 0.991172356903553 3610
1762612217787 0.9914342626929283 3620
1762612224844 0.9907671332359314 3630
1762612231833 0.9909838527441025 3640
1762612273362 0.9907059289515019 3660
1762612280368 0.9911489114165306 3670
1762612287365 0.9911915779113769 3680
1762612294340 0.9911279588937759 3690
1762612335773 0.9909476771950722 3710
1762612342846 0.9914893567562103 3720
1762612349842 0.9915512576699257 3730
1762612356799 0.9913547590374947 3740
1762612398975 0.9911481976509094 3760
1762612405989 0.9912208959460258 3770
1762612413005 0.9910413801670075 3780
1762612420037 0.9909880608320236 3790
1762612461484 0.9913953162729741 3810
1762612468523 0.9910546392202377 3820
1762612475575 0.9910656213760376 3830
1762612482556 0.9914465814828872 3840
1762612523953 0.9913048788905143 3860
1762612530975 0.9912657976150513 3870
1762612537956 0.9911134615540504 3880
1762612544930 0.9913992419838905 3890
1762612586258 0.9913732744753361 3910
1762612593273 0.9908949181437492 3920
1762612600288 0.9916229397058487 3930
1762612607342 0.9914748549461365 3940
1762612648761 0.9911824680864811 3960
1762612655805 0.9914324834942818 3970
1762612662815 0.9914770245552063 3980
1762612669904 0.991169610619545 3990
1762612712042 0.991158602386713 4010
1762612719052 0.9913700178265572 4020
1762612726056 0.9910263463854789 4030
1762612733024 0.9916986852884293 4040
1762612774358 0.991365235298872 4060
1762612781381 0.99099832624197 4070
1762612788329 0.9916625708341599 4080
1762612795334 0.9912475362420082 4090
1762612836796 0.9912854790687561 4110
1762612843789 0.991392794251442 4120
1762612850787 0.9913670226931572 4130
1762612857751 0.9913218855857849 4140
1762612899138 0.9912663906812668 4160
1762612906150 0.9917059734463691 4170
1762612913198 0.9915151700377465 4180
1762612920207 0.9916106194257737 4190
1762612961593 0.9914468802511692 4210
1762612968620 0.99151231944561 4220
1762612975674 0.991287536919117 4230
1762612982666 0.9913544118404388 4240
1762613024884 0.9913494110107421 4260
1762613031902 0.9915068909525871 4270
1762613038950 0.9910177707672119 4280
1762613045942 0.9914069294929504 4290
1762613087236 0.9918272450566292 4310
1762613094220 0.9913129433989525 4320
1762613101191 0.9915787503123283 4330
1762613108186 0.9911328464746475 4340
1762613149742 0.9913197606801987 4360
1762613156721 0.9916261687874794 4370
1762613163764 0.9912272095680237 4380
1762613170787 0.9915145263075829 4390
1762613212143 0.9916140370070934 4410
1762613219150 0.9913927331566811 4420
1762613226201 0.9915711030364036 4430
1762613233199 0.9912082701921463 4440
1762613274597 0.9915385514497757 4460
1762613281665 0.991423325240612 4470
1762613288698 0.9913066431879998 4480
1762613295661 0.9915443286299706 4490
1762613337741 0.991396576166153 4510
1762613344683 0.9915782451629639 4520
1762613351772 0.9912369921803474 4530
1762613358817 0.9914132282137871 4540
1762613400234 0.991552209854126 4560
1762613407260 0.9914118275046349 4570
1762613414271 0.9916371390223503 4580
1762613421286 0.9921819061040879 4590
1762613462641 0.991577698290348 4610
1762613469708 0.9913198500871658 4620
1762613476760 0.9915028735995293 4630
1762613483774 0.9915787920355796 4640
1762613525180 0.9913873568177223 4660
1762613532178 0.9917438223958015 4670
1762613539174 0.9915264591574668 4680
1762613546187 0.9916095852851867 4690
1762613587556 0.9917743638157844 4710
1762613594551 0.9916781127452851 4720
1762613601573 0.991659152507782 4730
1762613608643 0.9914634123444557 4740
1762613650728 0.9915316417813301 4760
1762613657844 0.9913228958845138 4770
1762613664881 0.9918917417526245 4780
1762613671839 0.9915127545595169 4790
1762613713241 0.9915741242468357 4810
1762613720233 0.9914815858006477 4820
1762613727271 0.9917055860161781 4830
1762613734250 0.9916148856282234 4840
1762613775671 0.9914565593004226 4860
1762613782640 0.9917482540011406 4870
1762613789664 0.991481003165245 4880
1762613796667 0.9918719694018364 4890
1762613838072 0.9915698267519474 4910
1762613845012 0.9916409656405449 4920
1762613852030 0.9918056905269623 4930
1762613859020 0.9913697451353073 4940
1762613900470 0.991481102257967 4960
1762613907550 0.9914847850799561 4970
1762613914578 0.9918968483805657 4980
1762613921599 0.991588032245636 4990
1762613963745 0.9917258732020855 5010
1762613970790 0.9917572185397148 5020
1762613977829 0.9914297431707382 5030
1762613984833 0.9916761800646782 5040
1762614026206 0.9914983727037907 5060
1762614033194 0.9914800241589546 5070
1762614040187 0.9917632579803467 5080
1762614047212 0.9916656747460365 5090
1762614088702 0.9916252002120018 5110
1762614095723 0.9917253851890564 5120
1762614102735 0.9917665228247643 5130
1762614109729 0.9916219964623452 5140
1762614151202 0.9918938770890235 5160
1762614158260 0.9916302174329757 5170
1762614165290 0.9913054659962655 5180
1762614172285 0.9915637254714966 5190
1762614213668 0.9914838701486588 5210
1762614220722 0.9917708650231362 5220
1762614227722 0.9916519016027451 5230
1762614234723 0.9917897701263427 5240
1762614276997 0.9918352521955967 5260
1762614283961 0.9917230665683746 5270
1762614291017 0.9916515201330185 5280
1762614298006 0.9917086005210877 5290
1762614339393 0.9917547203600406 5310
1762614346423 0.9912299960851669 5320
1762614353445 0.9916897520422936 5330
1762614360507 0.9914793953299522 5340
1762614401933 0.9917576111853122 5360
1762614408958 0.9912445932626724 5370
1762614415951 0.9916897311806678 5380
1762614422957 0.9918101280927658 5390
1762614464274 0.9916266947984695 5410
1762614471297 0.9918036013841629 5420
1762614478257 0.9919318929314613 5430
1762614485260 0.9918799713253975 5440
1762614526733 0.991770076751709 5460
1762614533769 0.9914222896099091 5470
1762614540817 0.9914590895175934 5480
1762614547789 0.9915522739291192 5490
1762614589895 0.991582078486681 5510
1762614596937 0.9914936408400535 5520
1762614603935 0.9917761072516441 5530
1762614610930 0.9919337123632431 5540
1762614652366 0.9913934551179409 5560
1762614659366 0.9918268874287606 5570
1762614666425 0.991786390542984 5580
1762614673478 0.9917419657111168 5590
1762614714810 0.9917702145874501 5610
