1762605788961 74498.0 10
1762605795944 148988.0 20
1762605802919 223417.0 30
1762605809951 298300.0 40
1762605851307 447588.0 60
1762605858302 522074.0 70
1762605865303 596724.0 80
1762605872333 671373.0 90
1762605913692 820186.0 110
1762605920763 894910.0 120
1762605927790 969687.0 130
1762605934798 1044161.0 140
1762605976278 1193499.0 160
1762605983372 1268227.0 170
1762605990378 1342972.0 180
1762605997373 1416786.0 190
1762606038692 1565665.0 210
1762606045763 1640554.0 220
1762606052785 1715037.0 230
1762606059802 1789757.0 240
1762606101874 1938893.0 260
1762606108955 2013801.0 270
1762606115995 2088496.0 280
1762606122984 2162871.0 290
1762606164369 2312095.0 310
1762606171387 2386848.0 320
1762606178424 2461628.0 330
1762606185477 2536195.0 340
1762606226833 2685323.0 360
1762606233851 2759758.0 370
1762606240795 2833670.0 380
1762606247838 2908550.0 390
1762607053340 3057957.0 410
1762607060293 3132245.0 420
1762607067264 3206817.0 430
1762607074235 3281316.0 440
1762607115671 3430613.0 460
1762607122714 3505173.0 470
1762607129762 3579941.0 480
1762607136772 3654543.0 490
1762607178954 3804389.0 510
1762607185916 3878577.0 520
1762607192950 3953043.0 530
1762607199945 4027586.0 540
1762607241325 4176684.0 560
1762607248264 4250701.0 570
1762607255290 4325324.0 580
1762607262296 4399853.0 590
1762607303789 4549497.0 610
1762607310878 4624153.0 620
1762607317925 4699033.0 630
1762607325007 4773862.0 640
1762607366338 4922437.0 660
1762607373357 4997244.0 670
1762607380387 5071842.0 680
1762607387373 5146243.0 690
1762608578756 5295661.0 710
1762608585741 5370330.0 720
1762608592737 5444765.0 730
1762608599686 5519112.0 740
1762608641712 5667332.0 760
1762608648707 5741923.0 770
1762608655793 5816643.0 780
1762608662839 5891734.0 790
1762608704339 6041092.0 810
1762608711325 6115852.0 820
1762608718320 6190603.0 830
1762608725294 6264883.0 840
1762608766773 6414027.0 860
1762608773800 6488688.0 870
1762608780875 6563561.0 880
1762608787895 6638035.0 890
1762608829312 6787278.0 910
1762608836298 6861472.0 920
1762608843321 6936017.0 930
1762608850328 7010034.0 940
1762608891743 7159091.0 960
1762608898782 7233867.0 970
1762608905832 7308535.0 980
1762608912881 7383318.0 990
1762608955161 7532376.0 1010
1762608962224 7607305.0 1020
1762608969245 7681776.0 1030
1762608976206 7756169.0 1040
1762609017539 7904964.0 1060
1762609024534 7979437.0 1070
1762609031528 8053925.0 1080
1762609038577 8128891.0 1090
1762609080016 8278333.0 1110
1762609086995 8352827.0 1120
1762609093979 8427007.0 1130
1762609100995 8501545.0 1140
1762609142387 8650827.0 1160
1762609149476 8725800.0 1170
1762609156511 8800517.0 1180
1762609163583 8875446.0 1190
1762609205039 9024874.0 1210
1762609212007 9099114.0 1220
1762609219050 9173894.0 1230
1762609226040 9248470.0 1240
1762609268221 9397293.0 1260
1762609275186 9471656.0 1270
1762609282195 9546211.0 1280
1762609289207 9620745.0 1290
1762609330485 9769232.0 1310
1762609337525 9844137.0 1320
1762609344552 9918794.0 1330
1762609351507 9993030.0 1340
1762609392987 10142605.0 1360
1762609399979 10217053.0 1370
1762609406982 10291476.0 1380
1762609414012 10366192.0 1390
1762609455346 10515198.0 1410
1762609462364 10589893.0 1420
1762609469344 10664542.0 1430
1762609476323 10739262.0 1440
1762609517739 10888190.0 1460
1762609524808 10963049.0 1470
1762609531781 11037550.0 1480
1762609538804 11112237.0 1490
1762609580955 11260816.0 1510
1762609588000 11335595.0 1520
1762609595036 11409959.0 1530
1762609602055 11484611.0 1540
1762609643463 11633685.0 1560
1762609650568 11708791.0 1570
1762609657574 11783442.0 1580
1762609664610 11857960.0 1590
1762609705992 12007125.0 1610
1762609713055 12082036.0 1620
1762609719995 12156059.0 1630
1762609727035 12230787.0 1640
1762609768384 12379961.0 1660
1762609775353 12454309.0 1670
1762609782392 12529011.0 1680
1762609789332 12602922.0 1690
1762609830758 12752096.0 1710
1762609837778 12826800.0 1720
1762609844817 12901466.0 1730
1762609851809 12975824.0 1740
1762609893994 13125201.0 1760
1762609901040 13200180.0 1770
1762609908113 13274796.0 1780
1762609915130 13349657.0 1790
1762609956571 13498700.0 1810
1762609963588 13573335.0 1820
1762609970585 13647755.0 1830
1762609977644 13722447.0 1840
1762610019033 13871541.0 1860
1762610025981 13945480.0 1870
1762610033037 14020167.0 1880
1762610040062 14094757.0 1890
1762610081388 14243745.0 1910
1762610088418 14318439.0 1920
1762610095476 14393102.0 1930
1762610102447 14467540.0 1940
1762610143946 14617151.0 1960
1762610150989 14691660.0 1970
1762610158042 14766270.0 1980
1762610165017 14840513.0 1990
1762610207630 14989532.0 2010
1762610214659 15064208.0 2020
1762610221635 15138723.0 2030
1762610228680 15213593.0 2040
1762610270034 15362533.0 2060
1762610276992 15436816.0 2070
1762610283980 15511253.0 2080
1762610291005 15585890.0 2090
1762610332431 15735153.0 2110
1762610339445 15809793.0 2120
1762610346515 15884600.0 2130
1762610353589 15959232.0 2140
1762610394971 16108402.0 2160
1762610401967 16183049.0 2170
1762610408957 16257421.0 2180
1762610415949 16331946.0 2190
1762610457412 16481656.0 2210
1762610464392 16556069.0 2220
1762610471514 16630702.0 2230
1762610478513 16705438.0 2240
1762610520639 16854058.0 2260
1762610527626 16928452.0 2270
1762610534651 17003181.0 2280
1762610541632 17077538.0 2290
1762610583051 17227255.0 2310
1762610590066 17301529.0 2320
1762610597171 17376723.0 2330
1762610604245 17451479.0 2340
1762610645625 17600572.0 2360
1762610652683 17675276.0 2370
1762610659674 17749740.0 2380
1762610666692 17824196.0 2390
1762610708097 17973593.0 2410
1762610715051 18047742.0 2420
1762610722041 18122174.0 2430
1762610729035 18196433.0 2440
1762610770396 18345371.0 2460
1762610777420 18419919.0 2470
1762610784402 18494322.0 2480
1762610791418 18569134.0 2490
1762610833653 18718200.0 2510
1762610840741 18793150.0 2520
1762610847760 18867657.0 2530
1762610854745 18941861.0 2540
1762610896173 19091028.0 2560
1762610903190 19165706.0 2570
1762610910188 19240288.0 2580
1762610917225 19315182.0 2590
1762610958610 19464340.0 2610
1762610965594 19538495.0 2620
1762610972626 19613069.0 2630
1762610979657 19687894.0 2640
1762611020978 19837193.0 2660
1762611028009 19911795.0 2670
1762611035039 19986321.0 2680
1762611042009 20060810.0 2690
1762611083426 20210365.0 2710
1762611090422 20285025.0 2720
1762611097435 20359650.0 2730
1762611104455 20434070.0 2740
1762611146655 20583179.0 2760
1762611153690 20657833.0 2770
1762611160721 20732358.0 2780
1762611167706 20806798.0 2790
1762611209073 20955449.0 2810
1762611216107 21030167.0 2820
1762611223094 21104637.0 2830
1762611230119 21179238.0 2840
1762611271517 21328764.0 2860
1762611278564 21403602.0 2870
1762611285537 21477983.0 2880
1762611292613 21552634.0 2890
1762611334074 21702183.0 2910
1762611341100 21776741.0 2920
1762611348100 21851435.0 2930
1762611355089 21925709.0 2940
1762611396535 22075124.0 2960
1762611403475 22149194.0 2970
1762611410473 22223547.0 2980
1762611417458 22298271.0 2990
1762611459584 22447282.0 3010
1762611466628 22521968.0 3020
1762611473611 22596117.0 3030
1762611480590 22670590.0 3040
1762611521967 22819993.0 3060
1762611528960 22894388.0 3070
1762611535961 22969076.0 3080
1762611542949 23043444.0 3090
1762611584335 23192654.0 3110
1762611591442 23267497.0 3120
1762611598497 23342154.0 3130
1762611605496 23416794.0 3140
1762611646842 23566184.0 3160
1762611653948 23640801.0 3170
1762611660908 23714746.0 3180
1762611667938 23789506.0 3190
1762611709338 23938667.0 3210
1762611716398 24013334.0 3220
1762611723447 24087909.0 3230
1762611730470 24162427.0 3240
1762611772673 24311506.0 3260
1762611779726 24386437.0 3270
1762611786723 24461103.0 3280
1762611793739 24535747.0 3290
1762611835053 24684586.0 3310
1762611842124 24759366.0 3320
1762611849128 24833937.0 3330
1762611856140 24908427.0 3340
1762611897574 25057579.0 3360
1762611904554 25131667.0 3370
1762611911555 25206278.0 3380
1762611918586 25280969.0 3390
1762611960108 25431056.0 3410
1762611967182 25505944.0 3420
1762611974224 25580421.0 3430
1762611981224 25654871.0 3440
1762612022632 25804474.0 3460
1762612029638 25879238.0 3470
1762612036677 25953837.0 3480
1762612043635 26027958.0 3490
1762612085794 26177025.0 3510
1762612092770 26251367.0 3520
1762612099749 26325935.0 3530
1762612106713 26400224.0 3540
1762612148212 26548496.0 3560
1762612155281 26623407.0 3570
1762612162270 26697966.0 3580
1762612169296 26772475.0 3590
1762612210754 26922043.0 3610
1762612217787 26996539.0 3620
1762612224844 27070973.0 3630
1762612231833 27145531.0 3640
1762612273362 27295405.0 3660
1762612280368 27369673.0 3670
1762612287365 27444393.0 3680
1762612294340 27518832.0 3690
1762612335773 27668058.0 3710
1762612342846 27742581.0 3720
1762612349842 27816844.0 3730
1762612356799 27890960.0 3740
1762612398975 28040134.0 3760
1762612405989 28114806.0 3770
1762612413005 28189710.0 3780
1762612420037 28264629.0 3790
1762612461484 28413897.0 3810
1762612468523 28488381.0 3820
1762612475575 28563085.0 3830
1762612482556 28637441.0 3840
1762612523953 28786702.0 3860
1762612530975 28861432.0 3870
1762612537956 28935737.0 3880
1762612544930 29010397.0 3890
1762612586258 29159302.0 3910
1762612593273 29233910.0 3920
1762612600288 29307970.0 3930
1762612607342 29382662.0 3940
1762612648761 29531880.0 3960
1762612655805 29606713.0 3970
1762612662815 29681101.0 3980
1762612669904 29756087.0 3990
1762612712042 29905394.0 4010
1762612719052 29979773.0 4020
1762612726056 30054672.0 4030
1762612733024 30129261.0 4040
1762612774358 30278127.0 4060
1762612781381 30352769.0 4070
1762612788329 30426993.0 4080
1762612795334 30501382.0 4090
1762612836796 30650628.0 4110
1762612843789 30724718.0 4120
1762612850787 30799210.0 4130
1762612857751 30873636.0 4140
1762612899138 31022863.0 4160
1762612906150 31097511.0 4170
1762612913198 31172351.0 4180
1762612920207 31246979.0 4190
1762612961593 31396538.0 4210
1762612968620 31470966.0 4220
1762612975674 31545680.0 4230
1762612982666 31620368.0 4240
1762613024884 31769764.0 4260
1762613031902 31844205.0 4270
1762613038950 31919011.0 4280
1762613045942 31993422.0 4290
1762613087236 32141595.0 4310
1762613094220 32215835.0 4320
1762613101191 32290156.0 4330
1762613108186 32364803.0 4340
1762613149742 32514284.0 4360
1762613156721 32588606.0 4370
1762613163764 32663479.0 4380
1762613170787 32738280.0 4390
1762613212143 32887090.0 4410
1762613219150 32961494.0 4420
1762613226201 33036345.0 4430
1762613233199 33110879.0 4440
1762613274597 33259955.0 4460
1762613281665 33334833.0 4470
1762613288698 33409760.0 4480
1762613295661 33483958.0 4490
1762613337741 33633001.0 4510
1762613344683 33707358.0 4520
1762613351772 33782466.0 4530
1762613358817 33857483.0 4540
1762613400234 34007008.0 4560
1762613407260 34081416.0 4570
1762613414271 34156005.0 4580
1762613421286 34230552.0 4590
1762613462641 34379483.0 4610
1762613469708 34454309.0 4620
1762613476760 34528838.0 4630
1762613483774 34603559.0 4640
1762613525180 34752612.0 4660
1762613532178 34826976.0 4670
1762613539174 34900965.0 4680
1762613546187 34975326.0 4690
1762613587556 35124313.0 4710
1762613594551 35199165.0 4720
1762613601573 35273928.0 4730
1762613608643 35348940.0 4740
1762613650728 35497620.0 4760
1762613657844 35572640.0 4770
1762613664881 35647341.0 4780
1762613671839 35721852.0 4790
1762613713241 35870835.0 4810
1762613720233 35945373.0 4820
1762613727271 36020261.0 4830
1762613734250 36094685.0 4840
1762613775671 36243859.0 4860
1762613782640 36317839.0 4870
1762613789664 36392388.0 4880
1762613796667 36466981.0 4890
1762613838072 36616398.0 4910
1762613845012 36690456.0 4920
1762613852030 36764993.0 4930
1762613859020 36839564.0 4940
1762613900470 36989030.0 4960
1762613907550 37064064.0 4970
1762613914578 37138708.0 4980
1762613921599 37213265.0 4990
1762613963745 37362660.0 5010
1762613970790 37437138.0 5020
1762613977829 37511594.0 5030
1762613984833 37586312.0 5040
1762614026206 37734817.0 5060
1762614033194 37809413.0 5070
1762614040187 37883849.0 5080
1762614047212 37958700.0 5090
1762614088702 38108526.0 5110
1762614095723 38183204.0 5120
1762614102735 38257553.0 5130
1762614109729 38332255.0 5140
1762614151202 38481186.0 5160
1762614158260 38556022.0 5170
1762614165290 38630824.0 5180
1762614172285 38705277.0 5190
1762614213668 38854058.0 5210
1762614220722 38928654.0 5220
1762614227722 39003081.0 5230
1762614234723 39077172.0 5240
1762614276997 39226301.0 5260
1762614283961 39300862.0 5270
1762614291017 39375660.0 5280
1762614298006 39450182.0 5290
1762614339393 39599095.0 5310
1762614346423 39673718.0 5320
1762614353445 39748447.0 5330
1762614360507 39823103.0 5340
1762614401933 39972259.0 5360
1762614408958 40046983.0 5370
1762614415951 40121687.0 5380
1762614422957 40196210.0 5390
1762614464274 40345227.0 5410
1762614471297 40419963.0 5420
1762614478257 40493892.0 5430
1762614485260 40568642.0 5440
1762614526733 40717933.0 5460
1762614533769 40792790.0 5470
1762614540817 40867718.0 5480
1762614547789 40941973.0 5490
1762614589895 41091002.0 5510
1762614596937 41165651.0 5520
1762614603935 41239816.0 5530
1762614610930 41314317.0 5540
1762614652366 41463889.0 5560
1762614659366 41538092.0 5570
1762614666425 41612638.0 5580
1762614673478 41687803.0 5590
1762614714810 41836440.0 5610
