1762397663662 2.238590145111084 10
1762397666424 2.4677838325500487 20
1762397669196 2.4476335287094115 30
1762397671939 1.7988103032112122 40
1762397674701 1.0757022202014923 50
1762397690592 0.8682665348052978 60
1762397693355 0.8585915625095367 70
1762397696114 0.7950879395008087 80
1762397698876 0.7749670445919037 90
1762397701630 0.6817911207675934 100
1762397718279 0.6905713140964508 110
1762397721055 0.7488712012767792 120
1762397723812 0.6808588325977325 130
1762397726583 0.6648277282714844 140
1762397729349 0.6884527087211609 150
1762397745200 0.6515245378017426 160
1762397747954 0.6289495527744293 170
1762397750709 0.6038163542747498 180
1762397753462 0.5917652010917663 190
1762397756220 0.5990915298461914 200
