1762397663662 0.013368983957219251 10
1762397666424 0.026737967914438502 20
1762397669196 0.040106951871657755 30
1762397671939 0.053475935828877004 40
1762397674701 0.06684491978609626 50
1762397687817 0.06684491978609626 50
1762397690592 0.08021390374331551 60
1762397693355 0.09358288770053476 70
1762397696114 0.10695187165775401 80
1762397698876 0.12032085561497326 90
1762397701630 0.13368983957219252 100
1762397714709 0.13368983957219252 100
1762397718279 0.14705882352941177 110
1762397721055 0.16042780748663102 120
1762397723812 0.17379679144385027 130
1762397726583 0.18716577540106952 140
1762397729349 0.20053475935828877 150
1762397742442 0.20053475935828877 150
1762397745200 0.21390374331550802 160
1762397747954 0.22727272727272727 170
1762397750709 0.24064171122994651 180
1762397753462 0.2540106951871658 190
1762397756220 0.26737967914438504 200
1762397769271 0.26737967914438504 200
1762397770091 0.26737967914438504 200
