1762397663662 2.5100600719451904 10
1762397666424 2.0598392486572266 20
1762397669196 1.7665891647338867 30
1762397671939 2.1732006072998047 40
1762397674701 1.4354690313339233 50
1762397690592 1.1247817277908325 60
1762397693355 2.381171941757202 70
1762397696114 1.3282414674758911 80
1762397698876 0.9600940942764282 90
1762397701630 1.0225296020507812 100
1762397718279 1.337571382522583 110
1762397721055 1.0328906774520874 120
1762397723812 1.2941980361938477 130
1762397726583 1.0222015380859375 140
1762397729349 1.3084564208984375 150
1762397745200 1.9224836826324463 160
1762397747954 1.2811623811721802 170
1762397750709 1.4494446516036987 180
1762397753462 1.661492109298706 190
1762397756220 1.4653338193893433 200
