1762397663662 4.775e-05 10
1762397666424 4.525e-05 20
1762397669196 4.275e-05 30
1762397671939 4.025e-05 40
1762397674701 3.775e-05 50
1762397690592 3.525e-05 60
1762397693355 3.275e-05 70
1762397696114 3.025e-05 80
1762397698876 2.7750000000000004e-05 90
1762397701630 2.525e-05 100
1762397718279 2.275e-05 110
1762397721055 2.025e-05 120
1762397723812 1.775e-05 130
1762397726583 1.525e-05 140
1762397729349 1.2750000000000002e-05 150
1762397745200 1.025e-05 160
1762397747954 7.75e-06 170
1762397750709 5.25e-06 180
1762397753462 2.7500000000000004e-06 190
1762397756220 2.5000000000000004e-07 200
