1762397663662 0.39826206862926483 10
1762397666424 0.47339547574520113 20
1762397669196 0.5833914130926132 30
1762397671939 0.7068047761917114 40
1762397674701 0.8103670299053192 50
1762397690592 0.8206677436828613 60
1762397693355 0.815066659450531 70
1762397696114 0.8556684970855712 80
1762397698876 0.8591960608959198 90
1762397701630 0.8795820951461792 100
1762397718279 0.8607631921768188 110
1762397721055 0.8677588820457458 120
1762397723812 0.8737154126167297 130
1762397726583 0.87728511095047 140
1762397729349 0.8687273681163787 150
1762397745200 0.8817094683647155 160
1762397747954 0.8893917202949524 170
1762397750709 0.8902799010276794 180
1762397753462 0.8937938034534454 190
1762397756220 0.8888851702213287 200
