1762397663662 3723.0 10
1762397666424 7465.0 20
1762397669196 11140.0 30
1762397671939 14810.0 40
1762397674701 18361.0 50
1762397690592 22120.0 60
1762397693355 25889.0 70
1762397696114 29605.0 80
1762397698876 33224.0 90
1762397701630 36767.0 100
1762397718279 40532.0 110
1762397721055 44326.0 120
1762397723812 48079.0 130
1762397726583 51874.0 140
1762397729349 55808.0 150
1762397745200 59549.0 160
1762397747954 63289.0 170
1762397750709 67012.0 180
1762397753462 70770.0 190
1762397756220 74523.0 200
