1762395846646 2.236901140213013 10
1762395849378 2.459993863105774 20
1762395852144 2.441976714134216 30
1762395854866 1.8012601613998414 40
1762395857570 1.0798671305179597 50
1762395873416 0.8735516965389252 60
1762395876125 0.8643807411193848 70
1762395878833 0.8024695158004761 80
1762395881549 0.7756855368614197 90
1762395884257 0.6834188222885131 100
1762395900687 0.6945520877838135 110
1762395903406 0.7480287492275238 120
1762395906135 0.6767469704151153 130
1762395908877 0.6656455218791961 140
1762395911594 0.6917896747589112 150
1762395927208 0.6507793664932251 160
1762395929931 0.6277582526206971 170
1762395932651 0.6016059577465057 180
1762395935388 0.5899758517742157 190
1762395938106 0.5992982268333436 200
