1762395846646 0.013368983957219251 10
1762395849378 0.026737967914438502 20
1762395852144 0.040106951871657755 30
1762395854866 0.053475935828877004 40
1762395857570 0.06684491978609626 50
1762395870694 0.06684491978609626 50
1762395873416 0.08021390374331551 60
1762395876125 0.09358288770053476 70
1762395878833 0.10695187165775401 80
1762395881549 0.12032085561497326 90
1762395884257 0.13368983957219252 100
1762395897139 0.13368983957219252 100
1762395900687 0.14705882352941177 110
1762395903406 0.16042780748663102 120
1762395906135 0.17379679144385027 130
1762395908877 0.18716577540106952 140
1762395911594 0.20053475935828877 150
1762395924483 0.20053475935828877 150
1762395927208 0.21390374331550802 160
1762395929931 0.22727272727272727 170
1762395932651 0.24064171122994651 180
1762395935388 0.2540106951871658 190
1762395938106 0.26737967914438504 200
1762395950991 0.26737967914438504 200
1762395951820 0.26737967914438504 200
