1762395846646 2.4975168704986572 10
1762395849378 2.1272661685943604 20
1762395852144 1.777001142501831 30
1762395854866 2.234344244003296 40
1762395857570 1.4394961595535278 50
1762395873416 1.1133246421813965 60
1762395876125 1.9961425065994263 70
1762395878833 1.3961389064788818 80
1762395881549 0.97874915599823 90
1762395884257 1.0189523696899414 100
1762395900687 1.4176033735275269 110
1762395903406 1.073110818862915 120
1762395906135 1.342305302619934 130
1762395908877 1.0298503637313843 140
1762395911594 1.2623759508132935 150
1762395927208 2.012493371963501 160
1762395929931 1.2983933687210083 170
1762395932651 1.4354968070983887 180
1762395935388 1.6743700504302979 190
1762395938106 1.4917924404144287 200
