1762395846646 4.775e-05 10
1762395849378 4.525e-05 20
1762395852144 4.275e-05 30
1762395854866 4.025e-05 40
1762395857570 3.775e-05 50
1762395873416 3.525e-05 60
1762395876125 3.275e-05 70
1762395878833 3.025e-05 80
1762395881549 2.7750000000000004e-05 90
1762395884257 2.525e-05 100
1762395900687 2.275e-05 110
1762395903406 2.025e-05 120
1762395906135 1.775e-05 130
1762395908877 1.525e-05 140
1762395911594 1.2750000000000002e-05 150
1762395927208 1.025e-05 160
1762395929931 7.75e-06 170
1762395932651 5.25e-06 180
1762395935388 2.7500000000000004e-06 190
1762395938106 2.5000000000000004e-07 200
