1762395846646 0.397431007027626 10
1762395849378 0.47250605523586275 20
1762395852144 0.5815188407897949 30
1762395854866 0.70651216506958 40
1762395857570 0.8105320572853089 50
1762395873416 0.8195604264736176 60
1762395876125 0.8139940977096558 70
1762395878833 0.8544432103633881 80
1762395881549 0.8577582836151123 90
1762395884257 0.8784379065036774 100
1762395900687 0.8588378965854645 110
1762395903406 0.8671593785285949 120
1762395906135 0.8737930059432983 130
1762395908877 0.87596475481987 140
1762395911594 0.8682004928588867 150
1762395927208 0.880717134475708 160
1762395929931 0.8895064353942871 170
1762395932651 0.8900772869586945 180
1762395935388 0.8930912613868713 190
1762395938106 0.8874423503875732 200
