1762395846646 3723.0 10
1762395849378 7465.0 20
1762395852144 11140.0 30
1762395854866 14810.0 40
1762395857570 18361.0 50
1762395873416 22120.0 60
1762395876125 25889.0 70
1762395878833 29605.0 80
1762395881549 33224.0 90
1762395884257 36767.0 100
1762395900687 40532.0 110
1762395903406 44326.0 120
1762395906135 48079.0 130
1762395908877 51874.0 140
1762395911594 55808.0 150
1762395927208 59549.0 160
1762395929931 63289.0 170
1762395932651 67012.0 180
1762395935388 70770.0 190
1762395938106 74523.0 200
