1762649156554 0.053475935828877004 10
1762649161727 0.10695187165775401 20
1762649166842 0.16042780748663102 30
1762649172303 0.21390374331550802 40
1762649177561 0.26737967914438504 50
1762649195630 0.26737967914438504 50
1762649200875 0.32085561497326204 60
1762649206005 0.37433155080213903 70
1762649211166 0.42780748663101603 80
1762649216344 0.48128342245989303 90
1762649221507 0.5347593582887701 100
1762649239611 0.5347593582887701 100
1762649244806 0.5882352941176471 110
1762649250054 0.6417112299465241 120
1762649255308 0.6951871657754011 130
1762649260557 0.7486631016042781 140
1762649265611 0.8021390374331551 150
1762649283731 0.8021390374331551 150
1762649289068 0.8556149732620321 160
1762649294295 0.9090909090909091 170
1762649299585 0.9625668449197861 180
1762649304695 1.0160427807486632 190
1762649309708 1.0695187165775402 200
1762649327836 1.0695187165775402 200
1762649333050 1.1229946524064172 210
1762649338302 1.1764705882352942 220
1762649343486 1.2299465240641712 230
1762649348791 1.2834224598930482 240
1762649353971 1.3368983957219251 250
1762649372112 1.3368983957219251 250
1762649378014 1.3903743315508021 260
1762649383433 1.4438502673796791 270
1762649388667 1.4973262032085561 280
1762649393606 1.5508021390374331 290
1762649398920 1.6042780748663101 300
1762649417051 1.6042780748663101 300
1762649422195 1.6577540106951871 310
1762649427546 1.7112299465240641 320
1762649432775 1.7647058823529411 330
1762649438013 1.8181818181818183 340
1762649443136 1.8716577540106951 350
1762649461270 1.8716577540106951 350
1762649466470 1.9251336898395723 360
1762649471598 1.9786096256684491 370
1762649476726 2.0320855614973263 380
1762649481973 2.085561497326203 390
1762649487119 2.1390374331550803 400
1762649505252 2.1390374331550803 400
1762649510507 2.192513368983957 410
1762649515605 2.2459893048128343 420
1762649520786 2.299465240641711 430
1762649525969 2.3529411764705883 440
1762649531222 2.406417112299465 450
1762649549354 2.406417112299465 450
1762649554671 2.4598930481283423 460
1762649559945 2.5133689839572195 470
1762649565232 2.5668449197860963 480
1762649570446 2.620320855614973 490
1762649575626 2.6737967914438503 500
1762649593753 2.6737967914438503 500
1762649599791 2.7272727272727275 510
1762649604827 2.7807486631016043 520
1762649610075 2.834224598930481 530
1762649615199 2.8877005347593583 540
1762649620363 2.9411764705882355 550
1762649638512 2.9411764705882355 550
1762649643780 2.9946524064171123 560
1762649648855 3.0481283422459895 570
1762649654096 3.1016042780748663 580
1762649659290 3.1550802139037435 590
1762649664426 3.2085561497326203 600
1762649682547 3.2085561497326203 600
1762649687926 3.2620320855614975 610
1762649693166 3.3155080213903743 620
1762649698411 3.3689839572192515 630
1762649703695 3.4224598930481283 640
1762649708807 3.4759358288770055 650
1762649726932 3.4759358288770055 650
1762649732142 3.5294117647058822 660
1762649737328 3.5828877005347595 670
1762649742610 3.6363636363636362 680
1762649747829 3.6898395721925135 690
1762649752981 3.7433155080213902 700
1762649771112 3.7433155080213902 700
1762649776371 3.7967914438502675 710
1762649781616 3.8502673796791442 720
1762649786859 3.9037433155080214 730
1762649791858 3.9572192513368982 740
1762649797110 4.010695187165775 750
1762649815252 4.010695187165775 750
1762649821170 4.064171122994653 760
1762649826393 4.117647058823529 770
1762649831762 4.171122994652406 780
1762649837037 4.224598930481283 790
1762649842240 4.278074866310161 800
1762649860375 4.278074866310161 800
1762649865602 4.331550802139038 810
1762649870759 4.385026737967914 820
1762649875944 4.438502673796791 830
1762649881095 4.491978609625669 840
1762649886291 4.545454545454545 850
1762649904430 4.545454545454545 850
1762649909637 4.598930481283422 860
1762649914845 4.652406417112299 870
1762649920138 4.705882352941177 880
1762649925309 4.759358288770054 890
1762649930453 4.81283422459893 900
1762649948589 4.81283422459893 900
1762649953774 4.866310160427807 910
1762649958859 4.919786096256685 920
1762649964065 4.973262032085562 930
1762649969321 5.026737967914438 940
1762649974495 5.080213903743315 950
1762649992624 5.080213903743315 950
1762649997845 5.133689839572193 960
1762650003109 5.18716577540107 970
1762650008341 5.240641711229946 980
1762650013607 5.294117647058823 990
1762650018867 5.347593582887701 1000
1762650037006 5.347593582887701 1000
1762650042889 5.401069518716578 1010
1762650048255 5.454545454545454 1020
1762650053432 5.508021390374331 1030
1762650058542 5.561497326203209 1040
1762650063763 5.614973262032086 1050
1762650082231 5.614973262032086 1050
1762650087304 5.668449197860962 1060
1762650092484 5.721925133689839 1070
1762650097608 5.775401069518717 1080
1762650102855 5.828877005347594 1090
1762650108163 5.882352941176471 1100
1762650126290 5.882352941176471 1100
1762650131593 5.935828877005347 1110
1762650136713 5.989304812834225 1120
1762650141902 6.042780748663102 1130
1762650147120 6.096256684491979 1140
1762650152355 6.149732620320855 1150
1762650170489 6.149732620320855 1150
1762650175731 6.2032085561497325 1160
1762650180978 6.25668449197861 1170
1762650186344 6.310160427807487 1180
1762650191626 6.363636363636363 1190
1762650196959 6.4171122994652405 1200
1762650215093 6.4171122994652405 1200
1762650220314 6.470588235294118 1210
1762650225328 6.524064171122995 1220
1762650230541 6.577540106951871 1230
1762650235776 6.6310160427807485 1240
1762650240901 6.684491978609626 1250
1762650259037 6.684491978609626 1250
1762650264850 6.737967914438503 1260
1762650269938 6.791443850267379 1270
1762650275123 6.8449197860962565 1280
1762650280311 6.898395721925134 1290
1762650285438 6.951871657754011 1300
1762650303573 6.951871657754011 1300
1762650308646 7.005347593582887 1310
1762650313902 7.0588235294117645 1320
1762650319141 7.112299465240642 1330
1762650324180 7.165775401069519 1340
1762650329383 7.219251336898395 1350
1762650347513 7.219251336898395 1350
1762650352830 7.2727272727272725 1360
1762650357943 7.32620320855615 1370
1762650363166 7.379679144385027 1380
1762650368346 7.433155080213904 1390
1762650373581 7.4866310160427805 1400
1762650391704 7.4866310160427805 1400
1762650396845 7.540106951871658 1410
1762650402073 7.593582887700535 1420
1762650407324 7.647058823529412 1430
1762650412594 7.7005347593582885 1440
1762650417716 7.754010695187166 1450
1762650435850 7.754010695187166 1450
1762650441071 7.807486631016043 1460
1762650446352 7.86096256684492 1470
1762650451424 7.9144385026737964 1480
1762650456696 7.967914438502674 1490
1762650461762 8.02139037433155 1500
1762650479892 8.02139037433155 1500
1762650485848 8.074866310160427 1510
1762650491087 8.128342245989305 1520
1762650496287 8.181818181818182 1530
1762650501483 8.235294117647058 1540
1762650506652 8.288770053475936 1550
1762650524788 8.288770053475936 1550
1762650529971 8.342245989304812 1560
1762650535298 8.39572192513369 1570
1762650540633 8.449197860962567 1580
1762650545904 8.502673796791443 1590
1762650551165 8.556149732620321 1600
1762650569292 8.556149732620321 1600
1762650574386 8.609625668449198 1610
1762650579743 8.663101604278076 1620
1762650584785 8.716577540106952 1630
1762650590011 8.770053475935828 1640
1762650595181 8.823529411764707 1650
1762650613298 8.823529411764707 1650
1762650618519 8.877005347593583 1660
1762650623649 8.93048128342246 1670
1762650628912 8.983957219251337 1680
1762650634030 9.037433155080214 1690
1762650639272 9.090909090909092 1700
1762650657423 9.090909090909092 1700
1762650662495 9.144385026737968 1710
1762650667746 9.197860962566844 1720
1762650672960 9.251336898395722 1730
1762650678056 9.304812834224599 1740
1762650683295 9.358288770053475 1750
1762650701434 9.358288770053475 1750
1762650707539 9.411764705882353 1760
1762650712865 9.46524064171123 1770
1762650718074 9.518716577540108 1780
1762650723294 9.572192513368984 1790
1762650728348 9.62566844919786 1800
1762650746493 9.62566844919786 1800
1762650751721 9.679144385026738 1810
1762650756890 9.732620320855615 1820
1762650762161 9.786096256684491 1830
1762650767569 9.83957219251337 1840
1762650772791 9.893048128342246 1850
1762650790950 9.893048128342246 1850
1762650796255 9.946524064171124 1860
1762650801389 10.0 1870
1762650806669 10.053475935828876 1880
1762650811985 10.106951871657754 1890
1762650817129 10.16042780748663 1900
1762650835292 10.16042780748663 1900
1762650840435 10.213903743315509 1910
1762650845729 10.267379679144385 1920
1762650850974 10.320855614973262 1930
1762650856096 10.37433155080214 1940
1762650861275 10.427807486631016 1950
1762650879419 10.427807486631016 1950
1762650884668 10.481283422459892 1960
1762650889901 10.53475935828877 1970
1762650895131 10.588235294117647 1980
1762650900285 10.641711229946525 1990
1762650905611 10.695187165775401 2000
1762650923748 10.695187165775401 2000
1762650929493 10.748663101604278 2010
1762650934727 10.802139037433156 2020
1762650939839 10.855614973262032 2030
1762650945150 10.909090909090908 2040
1762650950312 10.962566844919786 2050
1762650968502 10.962566844919786 2050
1762650973821 11.016042780748663 2060
1762650978939 11.06951871657754 2070
1762650984170 11.122994652406417 2080
1762650989436 11.176470588235293 2090
1762650994648 11.229946524064172 2100
1762651012814 11.229946524064172 2100
1762651018104 11.283422459893048 2110
1762651023313 11.336898395721924 2120
1762651028550 11.390374331550802 2130
1762651033795 11.443850267379679 2140
1762651039094 11.497326203208557 2150
1762651057230 11.497326203208557 2150
1762651062334 11.550802139037433 2160
1762651067584 11.60427807486631 2170
1762651072736 11.657754010695188 2180
1762651077862 11.711229946524064 2190
1762651083039 11.764705882352942 2200
1762651101173 11.764705882352942 2200
1762651106586 11.818181818181818 2210
1762651111671 11.871657754010695 2220
1762651117019 11.925133689839573 2230
1762651122289 11.97860962566845 2240
1762651127491 12.032085561497325 2250
1762651145642 12.032085561497325 2250
1762651151554 12.085561497326204 2260
1762651156709 12.13903743315508 2270
1762651161964 12.192513368983958 2280
1762651167091 12.245989304812834 2290
1762651172439 12.29946524064171 2300
1762651190575 12.29946524064171 2300
1762651195761 12.352941176470589 2310
1762651200888 12.406417112299465 2320
1762651206240 12.459893048128341 2330
1762651211458 12.51336898395722 2340
1762651216702 12.566844919786096 2350
1762651234837 12.566844919786096 2350
1762651239907 12.620320855614974 2360
1762651245205 12.67379679144385 2370
1762651250338 12.727272727272727 2380
1762651255546 12.780748663101605 2390
1762651260915 12.834224598930481 2400
1762651279051 12.834224598930481 2400
1762651284181 12.887700534759357 2410
1762651289231 12.941176470588236 2420
1762651294385 12.994652406417112 2430
1762651299605 13.04812834224599 2440
1762651304759 13.101604278074866 2450
1762651322893 13.101604278074866 2450
1762651328037 13.155080213903743 2460
1762651333340 13.20855614973262 2470
1762651338494 13.262032085561497 2480
1762651343725 13.315508021390375 2490
1762651348902 13.368983957219251 2500
1762651367051 13.368983957219251 2500
1762651372913 13.422459893048128 2510
1762651378193 13.475935828877006 2520
1762651383372 13.529411764705882 2530
1762651388530 13.582887700534759 2540
1762651393709 13.636363636363637 2550
1762651411850 13.636363636363637 2550
1762651417014 13.689839572192513 2560
1762651422206 13.743315508021391 2570
1762651427491 13.796791443850267 2580
1762651432699 13.850267379679144 2590
1762651437819 13.903743315508022 2600
1762651455976 13.903743315508022 2600
1762651461192 13.957219251336898 2610
1762651466370 14.010695187165775 2620
1762651471552 14.064171122994653 2630
1762651476787 14.117647058823529 2640
1762651481997 14.171122994652407 2650
1762651500136 14.171122994652407 2650
1762651505348 14.224598930481283 2660
1762651510586 14.27807486631016 2670
1762651515793 14.331550802139038 2680
1762651520911 14.385026737967914 2690
1762651526156 14.43850267379679 2700
1762651544316 14.43850267379679 2700
1762651549557 14.491978609625669 2710
1762651554686 14.545454545454545 2720
1762651559838 14.598930481283423 2730
1762651565084 14.6524064171123 2740
1762651570232 14.705882352941176 2750
1762651588376 14.705882352941176 2750
1762651594190 14.759358288770054 2760
1762651599448 14.81283422459893 2770
1762651604737 14.866310160427808 2780
1762651609901 14.919786096256685 2790
1762651615137 14.973262032085561 2800
1762651633279 14.973262032085561 2800
1762651638354 15.026737967914439 2810
1762651643584 15.080213903743315 2820
1762651648809 15.133689839572192 2830
1762651653934 15.18716577540107 2840
1762651659194 15.240641711229946 2850
1762651677352 15.240641711229946 2850
1762651682580 15.294117647058824 2860
1762651687881 15.3475935828877 2870
1762651693019 15.401069518716577 2880
1762651698295 15.454545454545455 2890
1762651703677 15.508021390374331 2900
1762651721826 15.508021390374331 2900
1762651726930 15.56149732620321 2910
1762651732087 15.614973262032086 2920
1762651737303 15.668449197860962 2930
1762651742408 15.72192513368984 2940
1762651747569 15.775401069518717 2950
1762651765707 15.775401069518717 2950
1762651770994 15.828877005347593 2960
1762651776019 15.882352941176471 2970
1762651781145 15.935828877005347 2980
1762651786273 15.989304812834224 2990
1762651791524 16.0427807486631 3000
1762651809669 16.0427807486631 3000
1762651815547 16.09625668449198 3010
1762651820917 16.149732620320854 3020
1762651826006 16.203208556149733 3030
1762651831182 16.25668449197861 3040
1762651836431 16.310160427807485 3050
1762651854595 16.310160427807485 3050
1762651859784 16.363636363636363 3060
1762651864979 16.41711229946524 3070
1762651870247 16.470588235294116 3080
1762651875467 16.524064171122994 3090
1762651880730 16.577540106951872 3100
1762651898852 16.577540106951872 3100
1762651904080 16.63101604278075 3110
1762651909344 16.684491978609625 3120
1762651914657 16.737967914438503 3130
1762651919862 16.79144385026738 3140
1762651925007 16.844919786096256 3150
1762651943147 16.844919786096256 3150
1762651948332 16.898395721925134 3160
1762651953544 16.951871657754012 3170
1762651958773 17.005347593582886 3180
1762651963975 17.058823529411764 3190
1762651969172 17.112299465240643 3200
1762651987307 17.112299465240643 3200
1762651992540 17.165775401069517 3210
1762651997774 17.219251336898395 3220
1762652003030 17.272727272727273 3230
1762652008222 17.32620320855615 3240
1762652013467 17.379679144385026 3250
1762652031617 17.379679144385026 3250
1762652037742 17.433155080213904 3260
1762652043103 17.486631016042782 3270
1762652048344 17.540106951871657 3280
1762652053528 17.593582887700535 3290
1762652058764 17.647058823529413 3300
1762652076915 17.647058823529413 3300
1762652082038 17.700534759358288 3310
1762652087324 17.754010695187166 3320
1762652092481 17.807486631016044 3330
1762652097665 17.86096256684492 3340
1762652102954 17.914438502673796 3350
1762652121089 17.914438502673796 3350
1762652126253 17.967914438502675 3360
1762652131416 18.02139037433155 3370
1762652136631 18.074866310160427 3380
1762652141936 18.128342245989305 3390
1762652147322 18.181818181818183 3400
1762652165463 18.181818181818183 3400
1762652170806 18.235294117647058 3410
1762652176078 18.288770053475936 3420
1762652181368 18.342245989304814 3430
1762652186518 18.39572192513369 3440
1762652191800 18.449197860962567 3450
1762652209955 18.449197860962567 3450
1762652215109 18.502673796791445 3460
1762652220283 18.55614973262032 3470
1762652225534 18.609625668449198 3480
1762652230565 18.663101604278076 3490
1762652235752 18.71657754010695 3500
1762652253894 18.71657754010695 3500
1762652259844 18.77005347593583 3510
1762652264863 18.823529411764707 3520
1762652269950 18.87700534759358 3530
1762652275046 18.93048128342246 3540
1762652280184 18.983957219251337 3550
1762652298327 18.983957219251337 3550
1762652303487 19.037433155080215 3560
1762652308858 19.09090909090909 3570
1762652313995 19.144385026737968 3580
1762652319201 19.197860962566846 3590
1762652324574 19.25133689839572 3600
1762652342732 19.25133689839572 3600
1762652347942 19.3048128342246 3610
1762652353183 19.358288770053477 3620
1762652358395 19.41176470588235 3630
1762652363555 19.46524064171123 3640
1762652368893 19.518716577540108 3650
1762652387031 19.518716577540108 3650
1762652392299 19.572192513368982 3660
1762652397477 19.62566844919786 3670
1762652402694 19.67914438502674 3680
1762652407818 19.732620320855617 3690
1762652412941 19.78609625668449 3700
1762652431086 19.78609625668449 3700
1762652436388 19.83957219251337 3710
1762652441615 19.893048128342247 3720
1762652446677 19.946524064171122 3730
1762652451817 20.0 3740
1762652456952 20.053475935828878 3750
1762652475087 20.053475935828878 3750
1762652480893 20.106951871657753 3760
1762652486135 20.16042780748663 3770
1762652491384 20.21390374331551 3780
1762652496794 20.267379679144383 3790
1762652502009 20.32085561497326 3800
1762652520162 20.32085561497326 3800
1762652525457 20.37433155080214 3810
1762652530652 20.427807486631018 3820
1762652535882 20.481283422459892 3830
1762652541001 20.53475935828877 3840
1762652546291 20.58823529411765 3850
1762652564437 20.58823529411765 3850
1762652569559 20.641711229946523 3860
1762652574793 20.6951871657754 3870
1762652579845 20.74866310160428 3880
1762652584975 20.802139037433154 3890
1762652590082 20.855614973262032 3900
1762652608238 20.855614973262032 3900
1762652613400 20.90909090909091 3910
1762652618616 20.962566844919785 3920
1762652623786 21.016042780748663 3930
1762652629044 21.06951871657754 3940
1762652634177 21.122994652406415 3950
1762652652343 21.122994652406415 3950
1762652657610 21.176470588235293 3960
1762652662970 21.22994652406417 3970
1762652668039 21.28342245989305 3980
1762652673337 21.336898395721924 3990
1762652678657 21.390374331550802 4000
1762652696785 21.390374331550802 4000
1762652702653 21.44385026737968 4010
1762652707808 21.497326203208555 4020
1762652713068 21.550802139037433 4030
1762652718153 21.60427807486631 4040
1762652723309 21.657754010695186 4050
1762652741450 21.657754010695186 4050
1762652746633 21.711229946524064 4060
1762652752001 21.764705882352942 4070
1762652757058 21.818181818181817 4080
1762652762190 21.871657754010695 4090
1762652767517 21.925133689839573 4100
1762652785671 21.925133689839573 4100
1762652790827 21.97860962566845 4110
1762652795961 22.032085561497325 4120
1762652801040 22.085561497326204 4130
1762652806201 22.13903743315508 4140
1762652811268 22.192513368983956 4150
1762652829434 22.192513368983956 4150
1762652834584 22.245989304812834 4160
1762652839858 22.299465240641712 4170
1762652845189 22.352941176470587 4180
1762652850375 22.406417112299465 4190
1762652855550 22.459893048128343 4200
1762652873685 22.459893048128343 4200
1762652878937 22.513368983957218 4210
1762652884169 22.566844919786096 4220
1762652889507 22.620320855614974 4230
1762652894720 22.67379679144385 4240
1762652899987 22.727272727272727 4250
1762652918135 22.727272727272727 4250
1762652924029 22.780748663101605 4260
1762652929219 22.834224598930483 4270
1762652934453 22.887700534759357 4280
1762652939592 22.941176470588236 4290
1762652944832 22.994652406417114 4300
1762652962987 22.994652406417114 4300
1762652968086 23.048128342245988 4310
1762652973194 23.101604278074866 4320
1762652978261 23.155080213903744 4330
1762652983376 23.20855614973262 4340
1762652988558 23.262032085561497 4350
1762653006717 23.262032085561497 4350
1762653012059 23.315508021390375 4360
1762653017124 23.36898395721925 4370
1762653022359 23.422459893048128 4380
1762653027650 23.475935828877006 4390
1762653032929 23.529411764705884 4400
1762653051088 23.529411764705884 4400
1762653056204 23.58288770053476 4410
1762653061370 23.636363636363637 4420
1762653066646 23.689839572192515 4430
1762653071894 23.74331550802139 4440
1762653077188 23.796791443850267 4450
1762653095327 23.796791443850267 4450
1762653100495 23.850267379679146 4460
1762653105767 23.90374331550802 4470
1762653111053 23.9572192513369 4480
1762653116255 24.010695187165776 4490
1762653121441 24.06417112299465 4500
1762653139572 24.06417112299465 4500
1762653145315 24.11764705882353 4510
1762653150368 24.171122994652407 4520
1762653155767 24.224598930481285 4530
1762653161046 24.27807486631016 4540
1762653166310 24.331550802139038 4550
1762653184436 24.331550802139038 4550
1762653189578 24.385026737967916 4560
1762653194735 24.43850267379679 4570
1762653200027 24.49197860962567 4580
1762653205318 24.545454545454547 4590
1762653210446 24.59893048128342 4600
1762653228583 24.59893048128342 4600
1762653233795 24.6524064171123 4610
1762653239117 24.705882352941178 4620
1762653244185 24.759358288770052 4630
1762653249403 24.81283422459893 4640
1762653254574 24.86631016042781 4650
1762653272711 24.86631016042781 4650
1762653277936 24.919786096256683 4660
1762653283081 24.97326203208556 4670
1762653288172 25.02673796791444 4680
1762653293324 25.080213903743317 4690
1762653298427 25.13368983957219 4700
1762653316576 25.13368983957219 4700
1762653321881 25.18716577540107 4710
1762653327049 25.240641711229948 4720
1762653332360 25.294117647058822 4730
1762653337667 25.3475935828877 4740
1762653342689 25.40106951871658 4750
1762653360825 25.40106951871658 4750
1762653366704 25.454545454545453 4760
1762653371971 25.50802139037433 4770
1762653377139 25.56149732620321 4780
1762653382275 25.614973262032084 4790
1762653387566 25.668449197860962 4800
1762653405704 25.668449197860962 4800
1762653410833 25.72192513368984 4810
1762653416074 25.775401069518715 4820
1762653421309 25.828877005347593 4830
1762653426366 25.88235294117647 4840
1762653431641 25.93582887700535 4850
1762653449789 25.93582887700535 4850
1762653455030 25.989304812834224 4860
1762653460154 26.0427807486631 4870
1762653465342 26.09625668449198 4880
1762653470595 26.149732620320854 4890
1762653475823 26.203208556149733 4900
1762653493950 26.203208556149733 4900
1762653499241 26.25668449197861 4910
1762653504280 26.310160427807485 4920
1762653509476 26.363636363636363 4930
1762653514706 26.41711229946524 4940
1762653519789 26.470588235294116 4950
1762653537926 26.470588235294116 4950
1762653543217 26.524064171122994 4960
1762653548525 26.577540106951872 4970
1762653553672 26.63101604278075 4980
1762653558828 26.684491978609625 4990
1762653564125 26.737967914438503 5000
1762653582271 26.737967914438503 5000
1762653588170 26.79144385026738 5010
1762653593402 26.844919786096256 5020
1762653598580 26.898395721925134 5030
1762653603776 26.951871657754012 5040
1762653609005 27.005347593582886 5050
1762653627152 27.005347593582886 5050
1762653632276 27.058823529411764 5060
1762653637428 27.112299465240643 5070
1762653642665 27.165775401069517 5080
1762653647955 27.219251336898395 5090
1762653653255 27.272727272727273 5100
1762653671393 27.272727272727273 5100
1762653676734 27.32620320855615 5110
1762653681949 27.379679144385026 5120
1762653687021 27.433155080213904 5130
1762653692246 27.486631016042782 5140
1762653697411 27.540106951871657 5150
1762653715554 27.540106951871657 5150
1762653720587 27.593582887700535 5160
1762653725901 27.647058823529413 5170
1762653731132 27.700534759358288 5180
1762653736344 27.754010695187166 5190
1762653741439 27.807486631016044 5200
1762653759574 27.807486631016044 5200
1762653764855 27.86096256684492 5210
1762653770019 27.914438502673796 5220
1762653775203 27.967914438502675 5230
1762653780357 28.02139037433155 5240
1762653785439 28.074866310160427 5250
1762653803579 28.074866310160427 5250
1762653809512 28.128342245989305 5260
1762653814643 28.181818181818183 5270
1762653819961 28.235294117647058 5280
1762653825138 28.288770053475936 5290
1762653830345 28.342245989304814 5300
1762653848475 28.342245989304814 5300
1762653853722 28.39572192513369 5310
1762653858864 28.449197860962567 5320
1762653864201 28.502673796791445 5330
1762653869480 28.55614973262032 5340
1762653874743 28.609625668449198 5350
1762653892875 28.609625668449198 5350
1762653898151 28.663101604278076 5360
1762653903392 28.71657754010695 5370
1762653908577 28.77005347593583 5380
1762653913713 28.823529411764707 5390
1762653918929 28.87700534759358 5400
1762653937087 28.87700534759358 5400
1762653942250 28.93048128342246 5410
1762653947569 28.983957219251337 5420
1762653952653 29.037433155080215 5430
1762653957805 29.09090909090909 5440
1762653963089 29.144385026737968 5450
1762653981240 29.144385026737968 5450
1762653986475 29.197860962566846 5460
1762653991746 29.25133689839572 5470
1762653997049 29.3048128342246 5480
1762654002158 29.358288770053477 5490
1762654007249 29.41176470588235 5500
1762654025423 29.41176470588235 5500
1762654031331 29.46524064171123 5510
1762654036696 29.518716577540108 5520
1762654041814 29.572192513368982 5530
1762654047028 29.62566844919786 5540
1762654052314 29.67914438502674 5550
1762654070460 29.67914438502674 5550
1762654075640 29.732620320855617 5560
1762654080851 29.78609625668449 5570
1762654086165 29.83957219251337 5580
1762654091374 29.893048128342247 5590
1762654096530 29.946524064171122 5600
1762654114696 29.946524064171122 5600
1762654119812 30.0 5610
1762654120501 30.0 5610
