1762649156554 2.9456491470336914 10
1762649161727 2.101637125015259 20
1762649166842 2.5420949459075928 30
1762649172303 2.3688547611236572 40
1762649177561 2.9299933910369873 50
1762649200875 1.8712923526763916 60
1762649206005 0.7683686017990112 70
1762649211166 0.8405851125717163 80
1762649216344 0.5413397550582886 90
1762649221507 0.5915405750274658 100
1762649244806 0.6474517583847046 110
1762649250054 0.43414291739463806 120
1762649255308 0.6478016972541809 130
1762649260557 0.56019127368927 140
1762649265611 0.5812869071960449 150
1762649289068 0.5515109300613403 160
1762649294295 0.6333441734313965 170
1762649299585 0.7002740502357483 180
1762649304695 0.5407214164733887 190
1762649309708 0.6050041317939758 200
1762649333050 0.5255246162414551 210
1762649338302 0.7038314938545227 220
1762649343486 0.569657564163208 230
1762649348791 0.6447485685348511 240
1762649353971 0.546992838382721 250
1762649378014 0.9678583741188049 260
1762649383433 0.6316186189651489 270
1762649388667 0.7047291994094849 280
1762649393606 0.5196730494499207 290
1762649398920 0.8078048229217529 300
1762649422195 0.7060971260070801 310
1762649427546 0.6996161341667175 320
1762649432775 0.6884605884552002 330
1762649438013 0.9241476058959961 340
1762649443136 0.7273547053337097 350
1762649466470 0.6439184546470642 360
1762649471598 0.6918155550956726 370
1762649476726 0.9001986384391785 380
1762649481973 0.7987101078033447 390
1762649487119 0.8678653240203857 400
1762649510507 0.6326650977134705 410
1762649515605 0.48063918948173523 420
1762649520786 0.4772007167339325 430
1762649525969 0.7693057656288147 440
1762649531222 0.561343252658844 450
1762649554671 0.7968147397041321 460
1762649559945 0.6683940887451172 470
1762649565232 0.8485148549079895 480
1762649570446 0.640091598033905 490
1762649575626 0.5485551357269287 500
1762649599791 0.5523813962936401 510
1762649604827 0.9188963174819946 520
1762649610075 0.603261411190033 530
1762649615199 0.5532416701316833 540
1762649620363 0.6720686554908752 550
1762649643780 0.6103413105010986 560
1762649648855 0.6598544120788574 570
1762649654096 1.3429017066955566 580
1762649659290 0.5985313653945923 590
1762649664426 0.6218211054801941 600
1762649687926 0.661182701587677 610
1762649693166 0.8230465650558472 620
1762649698411 0.5515104532241821 630
1762649703695 0.5392873287200928 640
1762649708807 0.6586263179779053 650
1762649732142 0.49641576409339905 660
1762649737328 0.4516383707523346 670
1762649742610 0.8026077151298523 680
1762649747829 0.5630972981452942 690
1762649752981 0.5462034344673157 700
1762649776371 0.5982552766799927 710
1762649781616 0.4522710144519806 720
1762649786859 0.584764838218689 730
1762649791858 0.8420188426971436 740
1762649797110 0.7071303725242615 750
1762649821170 0.5232231616973877 760
1762649826393 0.6062767505645752 770
1762649831762 0.5649611353874207 780
1762649837037 0.5950746536254883 790
1762649842240 0.5232488512992859 800
1762649865602 0.48426762223243713 810
1762649870759 0.7738438248634338 820
1762649875944 0.7947158813476562 830
1762649881095 0.3864208459854126 840
1762649886291 0.510643720626831 850
1762649909637 0.45572733879089355 860
1762649914845 0.6780140399932861 870
1762649920138 0.5786930322647095 880
1762649925309 0.36082616448402405 890
1762649930453 0.5574458837509155 900
1762649953774 0.515845000743866 910
1762649958859 0.6042022109031677 920
1762649964065 0.7594897150993347 930
1762649969321 0.5590556859970093 940
1762649974495 0.5137184262275696 950
1762649997845 0.618346095085144 960
1762650003109 0.44354572892189026 970
1762650008341 0.5285850763320923 980
1762650013607 0.6670060157775879 990
1762650018867 0.490814208984375 1000
1762650042889 0.4565436840057373 1010
1762650048255 0.5703211426734924 1020
1762650053432 0.4047676622867584 1030
1762650058542 0.6025676131248474 1040
1762650063763 0.5800654888153076 1050
1762650087304 0.6250617504119873 1060
1762650092484 0.5779009461402893 1070
1762650097608 0.7240583896636963 1080
1762650102855 0.5970773100852966 1090
1762650108163 0.42262324690818787 1100
1762650131593 0.5235257148742676 1110
1762650136713 1.0636019706726074 1120
1762650141902 0.919826090335846 1130
1762650147120 0.6520491242408752 1140
1762650152355 0.5260789394378662 1150
1762650175731 0.5322021842002869 1160
1762650180978 0.6896464824676514 1170
1762650186344 0.7348266839981079 1180
1762650191626 0.9003408551216125 1190
1762650196959 0.4603373408317566 1200
1762650220314 0.6521710157394409 1210
1762650225328 0.6419424414634705 1220
1762650230541 0.5522060394287109 1230
1762650235776 0.5444788932800293 1240
1762650240901 0.5694357752799988 1250
1762650264850 0.6020697355270386 1260
1762650269938 0.4790986478328705 1270
1762650275123 0.5358977317810059 1280
1762650280311 0.4924088716506958 1290
1762650285438 0.6415629982948303 1300
1762650308646 0.49148112535476685 1310
1762650313902 0.5807269811630249 1320
1762650319141 0.4059433043003082 1330
1762650324180 0.53407222032547 1340
1762650329383 0.5888577699661255 1350
1762650352830 0.5446052551269531 1360
1762650357943 0.6478378772735596 1370
1762650363166 0.7218210697174072 1380
1762650368346 0.6261696815490723 1390
1762650373581 0.5376569032669067 1400
1762650396845 0.5541397333145142 1410
1762650402073 0.4908190667629242 1420
1762650407324 0.48023149371147156 1430
1762650412594 0.5574665665626526 1440
1762650417716 0.7592630386352539 1450
1762650441071 0.46117815375328064 1460
1762650446352 0.4945947825908661 1470
1762650451424 0.45095187425613403 1480
1762650456696 0.6217772364616394 1490
1762650461762 0.5345304012298584 1500
1762650485848 0.641247034072876 1510
1762650491087 0.46968626976013184 1520
1762650496287 0.6120749115943909 1530
1762650501483 0.41265106201171875 1540
1762650506652 0.6115318536758423 1550
1762650529971 0.7850690484046936 1560
1762650535298 0.49753525853157043 1570
1762650540633 0.5835155844688416 1580
1762650545904 0.6797928214073181 1590
1762650551165 0.5477577447891235 1600
1762650574386 0.5542970299720764 1610
1762650579743 0.34790918231010437 1620
1762650584785 0.6051689982414246 1630
1762650590011 0.6426276564598083 1640
1762650595181 0.7503113746643066 1650
1762650618519 0.5844953060150146 1660
1762650623649 0.4306187331676483 1670
1762650628912 0.5904149413108826 1680
1762650634030 0.4173259735107422 1690
1762650639272 0.6692401170730591 1700
1762650662495 1.2112752199172974 1710
1762650667746 0.5223303437232971 1720
1762650672960 0.6817300319671631 1730
1762650678056 0.5656643509864807 1740
1762650683295 0.47483107447624207 1750
1762650707539 0.372127503156662 1760
1762650712865 0.5913347005844116 1770
1762650718074 0.820897102355957 1780
1762650723294 0.45300841331481934 1790
1762650728348 0.5618692636489868 1800
1762650751721 0.6170058846473694 1810
1762650756890 0.49142593145370483 1820
1762650762161 0.4100952744483948 1830
1762650767569 0.5428380370140076 1840
1762650772791 0.6684847474098206 1850
1762650796255 0.5599002242088318 1860
1762650801389 0.9240554571151733 1870
1762650806669 0.7573261260986328 1880
1762650811985 0.47845757007598877 1890
1762650817129 0.5843510627746582 1900
1762650840435 0.5043843388557434 1910
1762650845729 0.5594355463981628 1920
1762650850974 0.38182690739631653 1930
1762650856096 0.45902320742607117 1940
1762650861275 0.5671024918556213 1950
1762650884668 0.45132482051849365 1960
1762650889901 0.5973383188247681 1970
1762650895131 0.5075455904006958 1980
1762650900285 0.502495527267456 1990
1762650905611 0.8026475310325623 2000
1762650929493 0.4589947760105133 2010
1762650934727 0.4903552234172821 2020
1762650939839 0.7720802426338196 2030
1762650945150 0.6402125954627991 2040
1762650950312 0.46881911158561707 2050
1762650973821 0.5886132121086121 2060
1762650978939 0.5015296936035156 2070
1762650984170 0.4654339849948883 2080
1762650989436 0.7235525250434875 2090
1762650994648 0.5408157110214233 2100
1762651018104 0.606964647769928 2110
1762651023313 0.4387372136116028 2120
1762651028550 0.5375404357910156 2130
1762651033795 0.5104720592498779 2140
1762651039094 0.8373224139213562 2150
1762651062334 0.4325937330722809 2160
1762651067584 0.48718905448913574 2170
1762651072736 0.5038098096847534 2180
1762651077862 0.5554146766662598 2190
1762651083039 0.4914361834526062 2200
1762651106586 0.5164657831192017 2210
1762651111671 0.5500401258468628 2220
1762651117019 0.5484867691993713 2230
1762651122289 0.5993672013282776 2240
1762651127491 0.35287365317344666 2250
1762651151554 0.5753993988037109 2260
1762651156709 0.4336341321468353 2270
1762651161964 0.5030561685562134 2280
1762651167091 0.7347621321678162 2290
1762651172439 0.5022072196006775 2300
1762651195761 0.606969952583313 2310
1762651200888 0.5517749190330505 2320
1762651206240 0.5975854396820068 2330
1762651211458 0.758816659450531 2340
1762651216702 0.6476883888244629 2350
1762651239907 0.5485130548477173 2360
1762651245205 0.6064227819442749 2370
1762651250338 0.538241982460022 2380
1762651255546 0.5418816804885864 2390
1762651260915 0.4341314136981964 2400
1762651284181 0.663626492023468 2410
1762651289231 0.4494370222091675 2420
1762651294385 0.8325711488723755 2430
1762651299605 0.6890493631362915 2440
1762651304759 0.37635213136672974 2450
1762651328037 0.5989060997962952 2460
1762651333340 0.6124178171157837 2470
1762651338494 0.5064133405685425 2480
1762651343725 0.4489351809024811 2490
1762651348902 0.5778545141220093 2500
1762651372913 0.5325157046318054 2510
1762651378193 0.6099013090133667 2520
1762651383372 0.6703922152519226 2530
1762651388530 0.5258364677429199 2540
1762651393709 0.37805435061454773 2550
1762651417014 0.5821852087974548 2560
1762651422206 0.682753324508667 2570
1762651427491 0.7877535223960876 2580
1762651432699 0.41848018765449524 2590
1762651437819 0.4922957122325897 2600
1762651461192 1.168851613998413 2610
1762651466370 0.410688191652298 2620
1762651471552 0.4446996748447418 2630
1762651476787 0.5677240490913391 2640
1762651481997 0.6642317175865173 2650
1762651505348 0.3985513746738434 2660
1762651510586 0.5061125159263611 2670
1762651515793 0.45260074734687805 2680
1762651520911 0.6597820520401001 2690
1762651526156 0.5096666812896729 2700
1762651549557 0.555676281452179 2710
1762651554686 0.5101069808006287 2720
1762651559838 0.522970974445343 2730
1762651565084 0.4809339940547943 2740
1762651570232 0.7575016021728516 2750
1762651594190 0.5742348432540894 2760
1762651599448 0.8638699054718018 2770
1762651604737 0.6049425601959229 2780
1762651609901 0.673413097858429 2790
1762651615137 0.5766428112983704 2800
1762651638354 0.5389708280563354 2810
1762651643584 0.6090103983879089 2820
1762651648809 0.7012601494789124 2830
1762651653934 0.42002126574516296 2840
1762651659194 0.5486260652542114 2850
1762651682580 0.5906131863594055 2860
1762651687881 0.622401237487793 2870
1762651693019 0.48414358496665955 2880
1762651698295 0.5402628779411316 2890
1762651703677 0.5877342224121094 2900
1762651726930 0.35905721783638 2910
1762651732087 0.48704901337623596 2920
1762651737303 0.6586753726005554 2930
1762651742408 0.6851832866668701 2940
1762651747569 0.5927149653434753 2950
1762651770994 0.588400661945343 2960
1762651776019 0.9378737807273865 2970
1762651781145 0.5512681603431702 2980
1762651786273 0.6341095566749573 2990
1762651791524 0.4820760488510132 3000
1762651815547 0.5309566855430603 3010
1762651820917 0.7883254885673523 3020
1762651826006 0.5845932960510254 3030
1762651831182 0.5008036494255066 3040
1762651836431 0.5627549886703491 3050
1762651859784 1.3789355754852295 3060
1762651864979 0.5969032049179077 3070
1762651870247 0.567463219165802 3080
1762651875467 0.4414564073085785 3090
1762651880730 0.6365280151367188 3100
1762651904080 0.5306892395019531 3110
1762651909344 0.5686255097389221 3120
1762651914657 0.6087266206741333 3130
1762651919862 0.578482985496521 3140
1762651925007 0.8658683896064758 3150
1762651948332 0.5184781551361084 3160
1762651953544 0.7069981098175049 3170
1762651958773 0.4659369885921478 3180
1762651963975 0.5898900628089905 3190
1762651969172 0.4413936734199524 3200
1762651992540 0.7240176796913147 3210
1762651997774 0.5346338748931885 3220
1762652003030 0.4796750843524933 3230
1762652008222 0.4788006544113159 3240
1762652013467 0.46974483132362366 3250
1762652037742 0.6291584968566895 3260
1762652043103 0.4190385341644287 3270
1762652048344 0.4798789918422699 3280
1762652053528 0.43593156337738037 3290
1762652058764 0.5408024787902832 3300
1762652082038 0.5114504098892212 3310
1762652087324 0.6727568507194519 3320
1762652092481 0.5312463641166687 3330
1762652097665 0.5733213424682617 3340
1762652102954 0.49819472432136536 3350
1762652126253 0.6676711440086365 3360
1762652131416 0.5568053126335144 3370
1762652136631 0.46550634503364563 3380
1762652141936 0.49917471408843994 3390
1762652147322 0.4876707196235657 3400
1762652170806 0.46393224596977234 3410
1762652176078 0.5581681132316589 3420
1762652181368 0.5634962916374207 3430
1762652186518 0.5416614413261414 3440
1762652191800 0.5528020858764648 3450
1762652215109 0.565121591091156 3460
1762652220283 0.5081355571746826 3470
1762652225534 0.6043810248374939 3480
1762652230565 0.4105905592441559 3490
1762652235752 0.5659817457199097 3500
1762652259844 0.4861701726913452 3510
1762652264863 0.8435996770858765 3520
1762652269950 0.5783441662788391 3530
1762652275046 0.46630069613456726 3540
1762652280184 0.46526962518692017 3550
1762652303487 0.5351197123527527 3560
1762652308858 0.5546253323554993 3570
1762652313995 0.5404273867607117 3580
1762652319201 0.5710271596908569 3590
1762652324574 0.4153578281402588 3600
1762652347942 0.49705222249031067 3610
1762652353183 0.4702104330062866 3620
1762652358395 0.44900381565093994 3630
1762652363555 0.6463451981544495 3640
1762652368893 0.5786604285240173 3650
1762652392299 0.5195731520652771 3660
1762652397477 0.5355771780014038 3670
1762652402694 0.5653351545333862 3680
1762652407818 0.6080644130706787 3690
1762652412941 0.5651967525482178 3700
1762652436388 0.487430214881897 3710
1762652441615 0.5059618949890137 3720
1762652446677 0.42522361874580383 3730
1762652451817 0.5767231583595276 3740
1762652456952 0.45498403906822205 3750
1762652480893 0.5612059235572815 3760
1762652486135 0.5186680555343628 3770
1762652491384 0.5681253671646118 3780
1762652496794 0.5091026425361633 3790
1762652502009 0.527337372303009 3800
1762652525457 0.5702396631240845 3810
1762652530652 0.4971972107887268 3820
1762652535882 0.5445261597633362 3830
1762652541001 0.4708629846572876 3840
1762652546291 0.4258314073085785 3850
1762652569559 0.6261862516403198 3860
1762652574793 0.706260085105896 3870
1762652579845 0.5361533761024475 3880
1762652584975 0.5071583986282349 3890
1762652590082 0.5624185800552368 3900
1762652613400 0.44908085465431213 3910
1762652618616 0.6794553995132446 3920
1762652623786 0.4107475280761719 3930
1762652629044 0.5717146396636963 3940
1762652634177 0.4795869290828705 3950
1762652657610 0.5451615452766418 3960
1762652662970 0.6523270606994629 3970
1762652668039 0.50771564245224 3980
1762652673337 0.5714174509048462 3990
1762652678657 0.49023088812828064 4000
1762652702653 0.3607944846153259 4010
1762652707808 0.43435409665107727 4020
1762652713068 0.5901134610176086 4030
1762652718153 0.5878812670707703 4040
1762652723309 0.5336160659790039 4050
1762652746633 0.5620766282081604 4060
1762652752001 0.6550464034080505 4070
1762652757058 0.4865513741970062 4080
1762652762190 0.4623958468437195 4090
1762652767517 0.6799631714820862 4100
1762652790827 0.4724997580051422 4110
1762652795961 0.4769967198371887 4120
1762652801040 0.46673783659935 4130
1762652806201 0.47064924240112305 4140
1762652811268 0.7005752921104431 4150
1762652834584 0.5336900949478149 4160
1762652839858 0.6284024119377136 4170
1762652845189 0.5517194271087646 4180
1762652850375 0.7384259104728699 4190
1762652855550 0.5749441981315613 4200
1762652878937 0.5948264598846436 4210
1762652884169 0.6069969534873962 4220
1762652889507 0.5844363570213318 4230
1762652894720 0.6713290214538574 4240
1762652899987 0.5608208179473877 4250
1762652924029 0.5111306309700012 4260
1762652929219 0.5383049845695496 4270
1762652934453 0.5973867774009705 4280
1762652939592 0.5270716547966003 4290
1762652944832 0.6521508097648621 4300
1762652968086 0.40343013405799866 4310
1762652973194 0.4768165647983551 4320
1762652978261 0.5753995776176453 4330
1762652983376 0.4093860983848572 4340
1762652988558 0.6121771931648254 4350
1762653012059 0.4704233407974243 4360
1762653017124 0.43297430872917175 4370
1762653022359 0.8400725722312927 4380
1762653027650 0.48923709988594055 4390
1762653032929 0.4693185091018677 4400
1762653056204 0.4139326214790344 4410
1762653061370 0.44363585114479065 4420
1762653066646 0.7735275030136108 4430
1762653071894 0.5064451694488525 4440
1762653077188 0.4655980169773102 4450
1762653100495 0.5894951224327087 4460
1762653105767 0.5890398621559143 4470
1762653111053 0.5446386933326721 4480
1762653116255 0.418265163898468 4490
1762653121441 0.4945261478424072 4500
1762653145315 0.6392144560813904 4510
1762653150368 0.6573869585990906 4520
1762653155767 0.5087758898735046 4530
1762653161046 0.6666241884231567 4540
1762653166310 0.5627225041389465 4550
1762653189578 0.4621608853340149 4560
1762653194735 0.5332363843917847 4570
1762653200027 0.6104391813278198 4580
1762653205318 0.4661443829536438 4590
1762653210446 0.5300533175468445 4600
1762653233795 0.4521891176700592 4610
1762653239117 0.4852985143661499 4620
1762653244185 0.44864994287490845 4630
1762653249403 0.56293785572052 4640
1762653254574 0.5174679160118103 4650
1762653277936 0.5274083018302917 4660
1762653283081 0.5636231899261475 4670
1762653288172 0.7777465581893921 4680
1762653293324 0.539042055606842 4690
1762653298427 0.4545603394508362 4700
1762653321881 0.5164719820022583 4710
1762653327049 0.5429044961929321 4720
1762653332360 0.45371225476264954 4730
1762653337667 0.5424014925956726 4740
1762653342689 0.45300137996673584 4750
1762653366704 0.6620703339576721 4760
1762653371971 0.5494686961174011 4770
1762653377139 0.5990856289863586 4780
1762653382275 0.5541536808013916 4790
1762653387566 0.4553074836730957 4800
1762653410833 0.45741018652915955 4810
1762653416074 0.5246384143829346 4820
1762653421309 0.6117417812347412 4830
1762653426366 0.5253855586051941 4840
1762653431641 0.5329091548919678 4850
1762653455030 0.5060819983482361 4860
1762653460154 0.39940527081489563 4870
1762653465342 0.44160911440849304 4880
1762653470595 0.6051559448242188 4890
1762653475823 0.5026318430900574 4900
1762653499241 0.5346412062644958 4910
1762653504280 0.5496347546577454 4920
1762653509476 0.5705861449241638 4930
1762653514706 0.6832736730575562 4940
1762653519789 0.43702954053878784 4950
1762653543217 0.4954175651073456 4960
1762653548525 0.7069270610809326 4970
1762653553672 0.5808050036430359 4980
1762653558828 0.4968007206916809 4990
1762653564125 0.5558550953865051 5000
1762653588170 0.59672611951828 5010
1762653593402 0.4872296154499054 5020
1762653598580 0.5517501831054688 5030
1762653603776 0.5460832118988037 5040
1762653609005 0.5771065354347229 5050
1762653632276 0.5634374022483826 5060
1762653637428 0.5644972324371338 5070
1762653642665 0.4604269564151764 5080
1762653647955 0.6181643605232239 5090
1762653653255 0.44711410999298096 5100
1762653676734 0.6493310332298279 5110
1762653681949 0.5641607642173767 5120
1762653687021 0.4466520845890045 5130
1762653692246 0.5808942914009094 5140
1762653697411 0.6110789179801941 5150
1762653720587 0.4710102677345276 5160
1762653725901 0.6169902682304382 5170
1762653731132 0.6119751334190369 5180
1762653736344 0.49667254090309143 5190
1762653741439 0.5562531352043152 5200
1762653764855 0.5454009771347046 5210
1762653770019 0.43213698267936707 5220
1762653775203 0.4709913432598114 5230
1762653780357 0.4417479932308197 5240
1762653785439 0.5589643120765686 5250
1762653809512 0.5465110540390015 5260
1762653814643 0.45013004541397095 5270
1762653819961 0.47129666805267334 5280
1762653825138 0.8135619759559631 5290
1762653830345 0.5831663608551025 5300
1762653853722 0.5139963626861572 5310
1762653858864 0.4862212538719177 5320
1762653864201 0.49891525506973267 5330
1762653869480 0.627520740032196 5340
1762653874743 0.49470359086990356 5350
1762653898151 0.4879719913005829 5360
1762653903392 1.7230647802352905 5370
1762653908577 0.4758554697036743 5380
1762653913713 0.531128466129303 5390
1762653918929 0.519244909286499 5400
1762653942250 0.4908507764339447 5410
1762653947569 0.42923298478126526 5420
1762653952653 0.6730168461799622 5430
1762653957805 0.6297144293785095 5440
1762653963089 0.5269729495048523 5450
1762653986475 0.5256431102752686 5460
1762653991746 0.5203919410705566 5470
1762653997049 0.5702545642852783 5480
1762654002158 0.5386864542961121 5490
1762654007249 0.4981726408004761 5500
1762654031331 0.7834664583206177 5510
1762654036696 0.437526136636734 5520
1762654041814 0.500992476940155 5530
1762654047028 0.5177898406982422 5540
1762654052314 0.547570526599884 5550
1762654075640 0.5425587296485901 5560
1762654080851 0.4356929659843445 5570
1762654086165 0.5825985670089722 5580
1762654091374 0.45225802063941956 5590
1762654096530 0.4921618402004242 5600
1762654119812 0.563526451587677 5610
