1762649156554 4.9999608002857744e-05 10
1762649161727 4.9998432023723915e-05 20
1762649166842 4.9996472099476943e-05 30
1762649172303 4.999372829157962e-05 40
1762649177561 4.999020068607712e-05 50
1762649200875 4.9985889393594345e-05 60
1762649206005 4.998079454933244e-05 70
1762649211166 4.997491631306458e-05 80
1762649216344 4.996825486913088e-05 90
1762649221507 4.996081042643271e-05 100
1762649244806 4.995258321842611e-05 110
1762649250054 4.99435735031144e-05 120
1762649255308 4.9933781563040236e-05 130
1762649260557 4.99232077052766e-05 140
1762649265611 4.991185226141725e-05 150
1762649289068 4.989971558756632e-05 160
1762649294295 4.988679806432712e-05 170
1762649299585 4.9873100096790226e-05 180
1762649304695 4.985862211452077e-05 190
1762649309708 4.984336457154497e-05 200
1762649333050 4.9827327946335875e-05 210
1762649338302 4.98105127417984e-05 220
1762649343486 4.9792919485253494e-05 230
1762649348791 4.977454872842169e-05 240
1762649353971 4.9755401047405694e-05 250
1762649378014 4.973547704267242e-05 260
1762649383433 4.97147773390341e-05 270
1762649388667 4.96933025856287e-05 280
1762649393606 4.9671053455899584e-05 290
1762649398920 4.964803064757438e-05 300
1762649422195 4.9624234882643084e-05 310
1762649427546 4.959966690733544e-05 320
1762649432775 4.957432749209755e-05 330
1762649438013 4.9548217431567665e-05 340
1762649443136 4.952133754455134e-05 350
1762649466470 4.949368867399567e-05 360
1762649471598 4.94652716869629e-05 370
1762649476726 4.943608747460328e-05 380
1762649481973 4.9406136952127015e-05 390
1762649487119 4.937542105877564e-05 400
1762649510507 4.934394075779256e-05 410
1762649515605 4.931169703639282e-05 420
1762649520786 4.927869090573214e-05 430
1762649525969 4.9244923400875245e-05 440
1762649531222 4.921039558076335e-05 450
1762649554671 4.9175108528181e-05 460
1762649559945 4.9139063349722113e-05 470
1762649565232 4.910226117575524e-05 480
1762649570446 4.906470316038814e-05 490
1762649575626 4.902639048143159e-05 500
1762649599791 4.898732434036244e-05 510
1762649604827 4.894750596228594e-05 520
1762649610075 4.890693659589733e-05 530
1762649615199 4.886561751344266e-05 540
1762649620363 4.882355001067892e-05 550
1762649643780 4.878073540683336e-05 560
1762649648855 4.873717504456219e-05 570
1762649654096 4.869287028990839e-05 580
1762649659290 4.8647822532258955e-05 590
1762649664426 4.860203318430126e-05 600
1762649687926 4.855550368197879e-05 610
1762649693166 4.8508235484446095e-05 620
1762649698411 4.846023007402305e-05 630
1762649703695 4.8411488956148344e-05 640
1762649708807 4.8362013659332294e-05 650
1762649732142 4.8311805735108894e-05 660
1762649737328 4.8260866757987177e-05 670
1762649742610 4.8209198325401815e-05 680
1762649747829 4.815680205766304e-05 690
1762649752981 4.810367959790584e-05 700
1762649776371 4.8049832612038384e-05 710
1762649781616 4.799526278868987e-05 720
1762649786859 4.793997183915745e-05 730
1762649791858 4.7883961497352686e-05 740
1762649797110 4.7827233519747086e-05 750
1762649821170 4.7769789685317045e-05 760
1762649826393 4.7711631795488096e-05 770
1762649831762 4.765276167407835e-05 780
1762649837037 4.759318116724138e-05 790
1762649842240 4.753289214340824e-05 800
1762649865602 4.747189649322894e-05 810
1762649870759 4.741019612951312e-05 820
1762649875944 4.734779298717009e-05 830
1762649881095 4.728468902314812e-05 840
1762649886291 4.722088621637309e-05 850
1762649909637 4.7156386567686445e-05 860
1762649914845 4.709119209978242e-05 870
1762649920138 4.702530485714461e-05 880
1762649925309 4.6958726905981906e-05 890
1762649930453 4.689146033416362e-05 900
1762649953774 4.682350725115407e-05 910
1762649958859 4.6754869787946386e-05 920
1762649964065 4.6685550096995744e-05 930
1762649969321 4.6615550352151804e-05 940
1762649974495 4.6544872748590553e-05 950
1762649997845 4.6473519502745476e-05 960
1762650003109 4.640149285223806e-05 970
1762650008341 4.6328795055807595e-05 980
1762650013607 4.625542839324036e-05 990
1762650018867 4.618139516529811e-05 1000
1762650042889 4.6106697693645955e-05 1010
1762650048255 4.6031338320779534e-05 1020
1762650053432 4.595531940995154e-05 1030
1762650058542 4.5878643345097644e-05 1040
1762650063763 4.580131253076171e-05 1050
1762650087304 4.5723329392020396e-05 1060
1762650092484 4.5644696374407105e-05 1070
1762650097608 4.5565415943835285e-05 1080
1762650102855 4.5485490586521116e-05 1090
1762650108163 4.540492280890555e-05 1100
1762650131593 4.532371513757564e-05 1110
1762650136713 4.5241870119185426e-05 1120
1762650141902 4.515939032037595e-05 1130
1762650147120 4.507627832769486e-05 1140
1762650152355 4.4992536747515234e-05 1150
1762650175731 4.49081682059539e-05 1160
1762650180978 4.482317534878901e-05 1170
1762650186344 4.4737560841377146e-05 1180
1762650191626 4.465132736856969e-05 1190
1762650196959 4.456447763462863e-05 1200
1762650220314 4.447701436314176e-05 1210
1762650225328 4.43889402969373e-05 1220
1762650230541 4.43002581979978e-05 1230
1762650235776 4.4210970847373636e-05 1240
1762650240901 4.412108104509569e-05 1250
1762650264850 4.4030591610087624e-05 1260
1762650269938 4.393950538007743e-05 1270
1762650275123 4.3847825211508456e-05 1280
1762650280311 4.375555397944983e-05 1290
1762650285438 4.3662694577506286e-05 1300
1762650308646 4.356924991772745e-05 1310
1762650313902 4.347522293051648e-05 1320
1762650319141 4.338061656453821e-05 1330
1762650324180 4.328543378662664e-05 1340
1762650329383 4.318967758169192e-05 1350
1762650352830 4.309335095262676e-05 1360
1762650357943 4.299645692021221e-05 1370
1762650363166 4.289899852302298e-05 1380
1762650368346 4.2800978817332136e-05 1390
1762650373581 4.270240087701522e-05 1400
1762650396845 4.260326779345393e-05 1410
1762650402073 4.250358267543907e-05 1420
1762650407324 4.2403348649073174e-05 1430
1762650412594 4.2302568857672375e-05 1440
1762650417716 4.220124646166791e-05 1450
1762650441071 4.209938463850695e-05 1460
1762650446352 4.199698658255298e-05 1470
1762650451424 4.189405550498561e-05 1480
1762650456696 4.1790594633699917e-05 1490
1762650461762 4.168660721320517e-05 1500
1762650485848 4.1582096504523105e-05 1510
1762650491087 4.1477065785085634e-05 1520
1762650496287 4.137151834863213e-05 1530
1762650501483 4.126545750510605e-05 1540
1762650506652 4.1158886580551224e-05 1550
1762650529971 4.105180891700746e-05 1560
1762650535298 4.094422787240581e-05 1570
1762650540633 4.083614682046324e-05 1580
1762650545904 4.072756915057683e-05 1590
1762650551165 4.0618498267717494e-05 1600
1762650574386 4.050893759232317e-05 1610
1762650579743 4.039889056019159e-05 1620
1762650584785 4.028836062237254e-05 1630
1762650590011 4.017735124505958e-05 1640
1762650595181 4.0065865909481417e-05 1650
1762650618519 3.995390811179267e-05 1660
1762650623649 3.984148136296431e-05 1670
1762650628912 3.972858918867344e-05 1680
1762650634030 3.961523512919286e-05 1690
1762650639272 3.9501422739279956e-05 1700
1762650662495 3.938715558806525e-05 1710
1762650667746 3.9272437258940494e-05 1720
1762650672960 3.9157271349446254e-05 1730
1762650678056 3.904166147115912e-05 1740
1762650683295 3.892561124957844e-05 1750
1762650707539 3.880912432401265e-05 1760
1762650712865 3.869220434746509e-05 1770
1762650718074 3.857485498651949e-05 1780
1762650723294 3.8457079921224994e-05 1790
1762650728348 3.833888284498071e-05 1800
1762650751721 3.8220267464419946e-05 1810
1762650756890 3.81012374992939e-05 1820
1762650762161 3.798179668235508e-05 1830
1762650767569 3.786194875924019e-05 1840
1762650772791 3.774169748835269e-05 1850
1762650796255 3.7621046640744975e-05 1860
1762650801389 3.7500000000000003e-05 1870
1762650806669 3.737856136211279e-05 1880
1762650811985 3.7256734535371225e-05 1890
1762650817129 3.713452334023676e-05 1900
1762650840435 3.7011931609224546e-05 1910
1762650845729 3.6888963186783224e-05 1920
1762650850974 3.67656219291744e-05 1930
1762650856096 3.6641911704351734e-05 1940
1762650861275 3.6517836391839586e-05 1950
1762650884668 3.6393399882611394e-05 1960
1762650889901 3.626860607896764e-05 1970
1762650895131 3.6143458894413465e-05 1980
1762650900285 3.6017962253535964e-05 1990
1762650905611 3.589212009188112e-05 2000
1762650929493 3.5765936355830356e-05 2010
1762650934727 3.563941500247676e-05 2020
1762650939839 3.5512559999501064e-05 2030
1762650945150 3.5385375325047166e-05 2040
1762650950312 3.525786496759736e-05 2050
1762650973821 3.5130032925847335e-05 2060
1762650978939 3.5001883208580665e-05 2070
1762650984170 3.4873419834543205e-05 2080
1762650989436 3.474464683231698e-05 2090
1762650994648 3.461556824019392e-05 2100
1762651018104 3.448618810604916e-05 2110
1762651023313 3.43565104872141e-05 2120
1762651028550 3.422653945034925e-05 2130
1762651033795 3.4096279071316606e-05 2140
1762651039094 3.3965733435051866e-05 2150
1762651062334 3.383490663543635e-05 2160
1762651067584 3.370380277516858e-05 2170
1762651072736 3.357242596563563e-05 2180
1762651077862 3.344078032678422e-05 2190
1762651083039 3.330886998699149e-05 2200
1762651106586 3.3176699082935545e-05 2210
1762651111671 3.30442717594657e-05 2220
1762651117019 3.2911592169472566e-05 2230
1762651122289 3.277866447375774e-05 2240
1762651127491 3.264549284090336e-05 2250
1762651151554 3.2512081447141406e-05 2260
1762651156709 3.2378434476222666e-05 2270
1762651161964 3.2244556119285616e-05 2280
1762651167091 3.211045057472491e-05 2290
1762651172439 3.197612204805976e-05 2300
1762651195761 3.1841574751802076e-05 2310
1762651200888 3.1706812905324276e-05 2320
1762651206240 3.157184073472709e-05 2330
1762651211458 3.1436662472706895e-05 2340
1762651216702 3.130128235842311e-05 2350
1762651239907 3.1165704637365164e-05 2360
1762651245205 3.1029933561219375e-05 2370
1762651250338 3.0893973387735687e-05 2380
1762651255546 3.075782838059402e-05 2390
1762651260915 3.06215028092707e-05 2400
1762651284181 3.0485000948904462e-05 2410
1762651289231 3.0348327080162435e-05 2420
1762651294385 3.0211485489105917e-05 2430
1762651299605 3.0074480467055905e-05 2440
1762651304759 2.9937316310458574e-05 2450
1762651328037 2.9799997320750507e-05 2460
1762651333340 2.9662527804223827e-05 2470
1762651338494 2.9524912071891164e-05 2480
1762651343725 2.9387154439350406e-05 2490
1762651348902 2.9249259226649417e-05 2500
1762651372913 2.9111230758150543e-05 2510
1762651378193 2.8973073362394998e-05 2520
1762651383372 2.8834791371967142e-05 2530
1762651388530 2.8696389123358553e-05 2540
1762651393709 2.8557870956832132e-05 2550
1762651417014 2.8419241216285902e-05 2560
1762651422206 2.828050424911683e-05 2570
1762651427491 2.8141664406084495e-05 2580
1762651432699 2.800272604117463e-05 2590
1762651437819 2.7863693511462603e-05 2600
1762651461192 2.7724571176976732e-05 2610
1762651466370 2.7585363400561658e-05 2620
1762651471552 2.7446074547741408e-05 2630
1762651476787 2.7306708986582553e-05 2640
1762651481997 2.7167271087557244e-05 2650
1762651505348 2.70277652234061e-05 2660
1762651510586 2.6888195769001146e-05 2670
1762651515793 2.6748567101208548e-05 2680
1762651520911 2.660888359875141e-05 2690
1762651526156 2.646914964207245e-05 2700
1762651549557 2.6329369613196574e-05 2710
1762651554686 2.6189547895593562e-05 2720
1762651559838 2.604968887404049e-05 2730
1762651565084 2.5909796934484308e-05 2740
1762651570232 2.5769876463904265e-05 2750
1762651594190 2.562993185017431e-05 2760
1762651599448 2.548996748192556e-05 2770
1762651604737 2.534998774840859e-05 2780
1762651609901 2.5209997039355837e-05 2790
1762651615137 2.5069999744843948e-05 2800
1762651638354 2.493000025515606e-05 2810
1762651643584 2.479000296064417e-05 2820
1762651648809 2.465001225159141e-05 2830
1762651653934 2.4510032518074443e-05 2840
1762651659194 2.437006814982569e-05 2850
1762651682580 2.4230123536095748e-05 2860
1762651687881 2.4090203065515695e-05 2870
1762651693019 2.395031112595951e-05 2880
1762651698295 2.3810452104406444e-05 2890
1762651703677 2.3670630386803425e-05 2900
1762651726930 2.353085035792756e-05 2910
1762651732087 2.339111640124859e-05 2920
1762651737303 2.3251432898791454e-05 2930
1762651742408 2.3111804230998863e-05 2940
1762651747569 2.29722347765939e-05 2950
1762651770994 2.283272891244277e-05 2960
1762651776019 2.2693291013417453e-05 2970
1762651781145 2.2553925452258595e-05 2980
1762651786273 2.2414636599438345e-05 2990
1762651791524 2.2275428823023263e-05 3000
1762651815547 2.2136306488537413e-05 3010
1762651820917 2.1997273958825375e-05 3020
1762651826006 2.1858335593915504e-05 3030
1762651831182 2.1719495750883172e-05 3040
1762651836431 2.1580758783714104e-05 3050
1762651859784 2.1442129043167874e-05 3060
1762651864979 2.130361087664145e-05 3070
1762651870247 2.116520862803286e-05 3080
1762651875467 2.1026926637605008e-05 3090
1762651880730 2.088876924184946e-05 3100
1762651904080 2.0750740773350592e-05 3110
1762651909344 2.0612845560649603e-05 3120
1762651914657 2.0475087928108835e-05 3130
1762651919862 2.033747219577618e-05 3140
1762651925007 2.02000026792495e-05 3150
1762651948332 2.006268368954144e-05 3160
1762651953544 1.9925519532944104e-05 3170
1762651958773 1.9788514510894082e-05 3180
1762651963975 1.965167291983757e-05 3190
1762651969172 1.9514999051095544e-05 3200
1762651992540 1.937849719072931e-05 3210
1762651997774 1.9242171619405986e-05 3220
1762652003030 1.9106026612264316e-05 3230
1762652008222 1.8970066438780628e-05 3240
1762652013467 1.8834295362634842e-05 3250
1762652037742 1.8698717641576897e-05 3260
1762652043103 1.856333752729311e-05 3270
1762652048344 1.8428159265272917e-05 3280
1762652053528 1.829318709467573e-05 3290
1762652058764 1.815842524819793e-05 3300
1762652082038 1.8023877951940237e-05 3310
1762652087324 1.7889549425275093e-05 3320
1762652092481 1.7755443880714383e-05 3330
1762652097665 1.762156552377734e-05 3340
1762652102954 1.74879185528586e-05 3350
1762652126253 1.7354507159096647e-05 3360
1762652131416 1.722133552624227e-05 3370
1762652136631 1.7088407830527443e-05 3380
1762652141936 1.6955728240534305e-05 3390
1762652147322 1.682330091706446e-05 3400
1762652170806 1.6691130013008514e-05 3410
1762652176078 1.6559219673215784e-05 3420
1762652181368 1.6427574034364378e-05 3430
1762652186518 1.6296197224831435e-05 3440
1762652191800 1.6165093364563654e-05 3450
1762652215109 1.6034266564948137e-05 3460
1762652220283 1.59037209286834e-05 3470
1762652225534 1.5773460549650753e-05 3480
1762652230565 1.564348951278591e-05 3490
1762652235752 1.551381189395085e-05 3500
1762652259844 1.5384431759806083e-05 3510
1762652264863 1.5255353167683017e-05 3520
1762652269950 1.5126580165456799e-05 3530
1762652275046 1.4998116791419342e-05 3540
1762652280184 1.4869967074152669e-05 3550
1762652303487 1.474213503240264e-05 3560
1762652308858 1.4614624674952842e-05 3570
1762652313995 1.4487440000498939e-05 3580
1762652319201 1.4360584997523252e-05 3590
1762652324574 1.4234063644169654e-05 3600
1762652347942 1.4107879908118873e-05 3610
1762652353183 1.3982037746464043e-05 3620
1762652358395 1.3856541105586545e-05 3630
1762652363555 1.3731393921032376e-05 3640
1762652368893 1.3606600117388607e-05 3650
1762652392299 1.3482163608160408e-05 3660
1762652397477 1.3358088295648274e-05 3670
1762652402694 1.3234378070825603e-05 3680
1762652407818 1.3111036813216792e-05 3690
1762652412941 1.298806839077546e-05 3700
1762652436388 1.2865476659763231e-05 3710
1762652441615 1.2743265464628786e-05 3720
1762652446677 1.2621438637887222e-05 3730
1762652451817 1.2500000000000006e-05 3740
1762652456952 1.2378953359255036e-05 3750
1762652480893 1.2258302511647312e-05 3760
1762652486135 1.2138051240759826e-05 3770
1762652491384 1.201820331764493e-05 3780
1762652496794 1.189876250070611e-05 3790
1762652502009 1.177973253558006e-05 3800
1762652525457 1.1661117155019293e-05 3810
1762652530652 1.1542920078775018e-05 3820
1762652535882 1.1425145013480516e-05 3830
1762652541001 1.1307795652534923e-05 3840
1762652546291 1.1190875675987356e-05 3850
1762652569559 1.1074388750421563e-05 3860
1762652574793 1.0958338528840893e-05 3870
1762652579845 1.0842728650553752e-05 3880
1762652584975 1.072756274105951e-05 3890
1762652590082 1.0612844411934746e-05 3900
1762652613400 1.049857726072005e-05 3910
1762652618616 1.0384764870807149e-05 3920
1762652623786 1.0271410811326565e-05 3930
1762652629044 1.0158518637035704e-05 3940
1762652634177 1.004609188820733e-05 3950
1762652657610 9.934134090518593e-06 3960
1762652662970 9.822648754940431e-06 3970
1762652668039 9.711639377627466e-06 3980
1762652673337 9.601109439808412e-06 3990
1762652678657 9.491062407676831e-06 4000
1762652702653 9.38150173228251e-06 4010
1762652707808 9.272430849423174e-06 4020
1762652713068 9.163853179536763e-06 4030
1762652718153 9.0557721275942e-06 4040
1762652723309 8.948191082992546e-06 4050
1762652746633 8.841113419448786e-06 4060
1762652752001 8.734542494893955e-06 4070
1762652757058 8.628481651367876e-06 4080
1762652762190 8.522934214914372e-06 4090
1762652767517 8.4179034954769e-06 4100
1762652790827 8.313392786794833e-06 4110
1762652795961 8.209405366300088e-06 4120
1762652801040 8.105944495014393e-06 4130
1762652806201 8.003013417447034e-06 4140
1762652811268 7.900615361493051e-06 4150
1762652834584 7.798753538332093e-06 4160
1762652839858 7.697431142327632e-06 4170
1762652845189 7.5966513509268365e-06 4180
1762652850375 7.49641732456094e-06 4190
1762652855550 7.396732206546081e-06 4200
1762652878937 7.29759912298478e-06 4210
1762652884169 7.199021182667873e-06 4220
1762652889507 7.1010014769770204e-06 4230
1762652894720 7.0035430797877974e-06 4240
1762652899987 6.906649047373246e-06 4250
1762652924029 6.810322418308085e-06 4260
1762652929219 6.7145662133733715e-06 4270
1762652934453 6.619383435461795e-06 4280
1762652939592 6.524777069483526e-06 4290
1762652944832 6.430750082272554e-06 4300
1762652968086 6.337305422493719e-06 4310
1762652973194 6.244446020550182e-06 4320
1762652978261 6.1521747884915465e-06 4330
1762652983376 6.060494619922575e-06 4340
1762652988558 5.969408389912376e-06 4350
1762653012059 5.878918954904314e-06 4360
1762653017124 5.789029152626374e-06 4370
1762653022359 5.699741802002201e-06 4380
1762653027650 5.611059703062713e-06 4390
1762653032929 5.522985636858239e-06 4400
1762653056204 5.435522365371376e-06 4410
1762653061370 5.348672631430318e-06 4420
1762653066646 5.262439158622856e-06 4430
1762653071894 5.17682465121099e-06 4440
1762653077188 5.0918317940461066e-06 4450
1762653100495 5.007463252484767e-06 4460
1762653105767 4.9237216723051485e-06 4470
1762653111053 4.840609679624053e-06 4480
1762653116255 4.758129880814574e-06 4490
1762653121441 4.6762848624243575e-06 4500
1762653145315 4.5950771910944605e-06 4510
1762653150368 4.514509413478888e-06 4520
1762653155767 4.4345840561647204e-06 4530
1762653161046 4.355303625592899e-06 4540
1762653166310 4.276670607979608e-06 4550
1762653189578 4.198687469238297e-06 4560
1762653194735 4.121356654902364e-06 4570
1762653200027 4.0446805900484635e-06 4580
1762653205318 3.968661679220468e-06 4590
1762653210446 3.893302306354046e-06 4600
1762653233795 3.818604834701894e-06 4610
1762653239117 3.7445716067596503e-06 4620
1762653244185 3.671204944192408e-06 4630
1762653249403 3.5985071477619397e-06 4640
1762653254574 3.526480497254528e-06 4650
1762653277936 3.4551272514094566e-06 4660
1762653283081 3.3844496478482064e-06 4670
1762653288172 3.3144499030042575e-06 4680
1762653293324 3.2451302120536155e-06 4690
1762653298427 3.176492748845941e-06 4700
1762653321881 3.108539665836388e-06 4710
1762653327049 3.0412730940181015e-06 4720
1762653332360 2.974695142855388e-06 4730
1762653337667 2.908807900217583e-06 4740
1762653342689 2.843613432313558e-06 4750
1762653366704 2.779113783626916e-06 4760
1762653371971 2.7153109768518925e-06 4770
1762653377139 2.652207012829916e-06 4780
1762653382275 2.5898038704868818e-06 4790
1762653387566 2.5281035067710653e-06 4800
1762653410833 2.4671078565917632e-06 4810
1762653416074 2.4068188327586257e-06 4820
1762653421309 2.347238325921647e-06 4830
1762653426366 2.2883682045119063e-06 4840
1762653431641 2.2302103146829595e-06 4850
1762653455030 2.1727664802529216e-06 4860
1762653460154 2.116038502647319e-06 4870
1762653465342 2.0600281608425503e-06 4880
1762653470595 2.0047372113101344e-06 4890
1762653475823 1.9501673879616182e-06 4900
1762653499241 1.8963204020941677e-06 4910
1762653504280 1.8431979423369604e-06 4920
1762653509476 1.790801674598186e-06 4930
1762653514706 1.7391332420128193e-06 4940
1762653519789 1.6881942648911076e-06 4950
1762653543217 1.6379863406677104e-06 4960
1762653548525 1.588511043851662e-06 4970
1762653553672 1.5397699259769554e-06 4980
1762653558828 1.4917645155539062e-06 4990
1762653564125 1.4444963180212185e-06 5000
1762653588170 1.3979668156987425e-06 5010
1762653593402 1.3521774677410476e-06 5020
1762653598580 1.307129710091609e-06 5030
1762653603776 1.2628249554378135e-06 5040
1762653609005 1.2192645931666441e-06 5050
1762653632276 1.1764499893210878e-06 5060
1762653637428 1.134382486557342e-06 5070
1762653642665 1.0930634041026733e-06 5080
1762653647955 1.0524940377140635e-06 5090
1762653653255 1.0126756596375686e-06 5100
1762653676734 9.736095185684136e-07 5110
1762653681949 9.352968396118628e-07 5120
1762653687021 8.977388242447593e-07 5130
1762653692246 8.609366502778854e-07 5140
1762653697411 8.248914718190004e-07 5150
1762653720587 7.896044192366586e-07 5160
1762653725901 7.550765991247654e-07 5170
1762653731132 7.213090942678608e-07 5180
1762653736344 6.883029636071819e-07 5190
1762653741439 6.56059242207438e-07 5200
1762653764855 6.245789412243603e-07 5210
1762653770019 5.938630478729917e-07 5220
1762653775203 5.639125253967259e-07 5230
1762653780357 5.347283130371e-07 5240
1762653785439 5.063113260043412e-07 5250
1762653809512 4.786624554486641e-07 5260
1762653814643 4.517825684323324e-07 5270
1762653819961 4.256725079024554e-07 5280
1762653825138 4.003330926645649e-07 5290
1762653830345 3.7576511735692434e-07 5300
1762653853722 3.51969352425624e-07 5310
1762653858864 3.2894654410041417e-07 5320
1762653864201 3.066974143713014e-07 5330
1762653869480 2.852226609659059e-07 5340
1762653874743 2.6452295732758424e-07 5350
1762653898151 2.4459895259430766e-07 5360
1762653903392 2.2545127157831413e-07 5370
1762653908577 2.0708051474650214e-07 5380
1762653913713 1.8948725820160662e-07 5390
1762653918929 1.726720536641274e-07 5400
1762653942250 1.5663542845503477e-07 5410
1762653947569 1.4137788547923246e-07 5420
1762653952653 1.2689990320977896e-07 5430
1762653957805 1.1320193567288529e-07 5440
1762653963089 1.0028441243368492e-07 5450
1762653986475 8.814773858275004e-08 5460
1762653991746 7.679229472340176e-08 5470
1762653997049 6.621843695976404e-08 5480
1762654002158 5.642649688559487e-08 5490
1762654007249 4.741678157389739e-08 5500
1762654031331 3.918957356728592e-08 5510
1762654036696 3.1745130869123566e-08 5520
1762654041814 2.5083686935425955e-08 5530
1762654047028 1.9205450667558743e-08 5540
1762654052314 1.4110606405662308e-08 5550
1762654075640 9.799313922889685e-09 5560
1762654080851 6.271708420385603e-09 5570
1762654086165 3.5279005230565155e-09 5580
1762654091374 1.5679762760900663e-09 5590
1762654096530 3.919971422572388e-10 5600
1762654119812 0.0 5610
