1762649156554 3.5331 10
1762649161727 2.8557 20
1762649166842 2.3415 30
1762649172303 1.8382 40
1762649177561 1.2718 50
1762649200875 0.7268 60
1762649206005 0.4397 70
1762649211166 0.3295 80
1762649216344 0.283 90
1762649221507 0.2417 100
1762649244806 0.2362 110
1762649250054 0.2312 120
1762649255308 0.2143 130
1762649260557 0.209 140
1762649265611 0.2019 150
1762649289068 0.2003 160
1762649294295 0.1871 170
1762649299585 0.1833 180
1762649304695 0.1763 190
1762649309708 0.1782 200
1762649333050 0.1722 210
1762649338302 0.171 220
1762649343486 0.1695 230
1762649348791 0.1677 240
1762649353971 0.1662 250
1762649378014 0.1596 260
1762649383433 0.1601 270
1762649388667 0.1607 280
1762649393606 0.1583 290
1762649398920 0.1483 300
1762649422195 0.1538 310
1762649427546 0.1511 320
1762649432775 0.1469 330
1762649438013 0.1389 340
1762649443136 0.1501 350
1762649466470 0.1407 360
1762649471598 0.1425 370
1762649476726 0.1436 380
1762649481973 0.1516 390
1762649487119 0.1411 400
1762649510507 0.1425 410
1762649515605 0.138 420
1762649520786 0.1362 430
1762649525969 0.1425 440
1762649531222 0.1319 450
1762649554671 0.1433 460
1762649559945 0.1333 470
1762649565232 0.1381 480
1762649570446 0.137 490
1762649575626 0.143 500
1762649599791 0.137 510
1762649604827 0.1351 520
1762649610075 0.1281 530
1762649615199 0.1333 540
1762649620363 0.1317 550
1762649643780 0.1346 560
1762649648855 0.1247 570
1762649654096 0.1348 580
1762649659290 0.1251 590
1762649664426 0.1309 600
1762649687926 0.1329 610
1762649693166 0.1319 620
1762649698411 0.1351 630
1762649703695 0.1246 640
1762649708807 0.1228 650
1762649732142 0.1251 660
1762649737328 0.1347 670
1762649742610 0.1229 680
1762649747829 0.1264 690
1762649752981 0.1319 700
1762649776371 0.1228 710
1762649781616 0.1293 720
1762649786859 0.1284 730
1762649791858 0.1239 740
1762649797110 0.1245 750
1762649821170 0.1247 760
1762649826393 0.1274 770
1762649831762 0.1199 780
1762649837037 0.1251 790
1762649842240 0.1218 800
1762649865602 0.1188 810
1762649870759 0.1293 820
1762649875944 0.1209 830
1762649881095 0.1183 840
1762649886291 0.1184 850
1762649909637 0.1214 860
1762649914845 0.1198 870
1762649920138 0.1217 880
1762649925309 0.1216 890
1762649930453 0.1267 900
1762649953774 0.1221 910
1762649958859 0.1206 920
1762649964065 0.1171 930
1762649969321 0.1233 940
1762649974495 0.1176 950
1762649997845 0.1224 960
1762650003109 0.1191 970
1762650008341 0.113 980
1762650013607 0.1166 990
1762650018867 0.1185 1000
1762650042889 0.1143 1010
1762650048255 0.1157 1020
1762650053432 0.1218 1030
1762650058542 0.1188 1040
1762650063763 0.1171 1050
1762650087304 0.1174 1060
1762650092484 0.1174 1070
1762650097608 0.1185 1080
1762650102855 0.1173 1090
1762650108163 0.117 1100
1762650131593 0.1163 1110
1762650136713 0.1191 1120
1762650141902 0.1113 1130
1762650147120 0.1125 1140
1762650152355 0.115 1150
1762650175731 0.1196 1160
1762650180978 0.1171 1170
1762650186344 0.1122 1180
1762650191626 0.1158 1190
1762650196959 0.1112 1200
1762650220314 0.1152 1210
1762650225328 0.1147 1220
1762650230541 0.1136 1230
1762650235776 0.1095 1240
1762650240901 0.1125 1250
1762650264850 0.1164 1260
1762650269938 0.1135 1270
1762650275123 0.1145 1280
1762650280311 0.11 1290
1762650285438 0.1121 1300
1762650308646 0.1104 1310
1762650313902 0.1119 1320
1762650319141 0.1112 1330
1762650324180 0.1087 1340
1762650329383 0.1078 1350
1762650352830 0.1141 1360
1762650357943 0.1091 1370
1762650363166 0.1097 1380
1762650368346 0.1092 1390
1762650373581 0.1111 1400
1762650396845 0.1073 1410
1762650402073 0.1109 1420
1762650407324 0.1057 1430
1762650412594 0.1103 1440
1762650417716 0.1095 1450
1762650441071 0.1114 1460
1762650446352 0.1096 1470
1762650451424 0.108 1480
1762650456696 0.1075 1490
1762650461762 0.1108 1500
1762650485848 0.1063 1510
1762650491087 0.1056 1520
1762650496287 0.1035 1530
1762650501483 0.1057 1540
1762650506652 0.1051 1550
1762650529971 0.1095 1560
1762650535298 0.1049 1570
1762650540633 0.1025 1580
1762650545904 0.1045 1590
1762650551165 0.107 1600
1762650574386 0.1033 1610
1762650579743 0.1047 1620
1762650584785 0.1074 1630
1762650590011 0.1043 1640
1762650595181 0.1032 1650
1762650618519 0.103 1660
1762650623649 0.1055 1670
1762650628912 0.1015 1680
1762650634030 0.0967 1690
1762650639272 0.099 1700
1762650662495 0.0961 1710
1762650667746 0.0989 1720
1762650672960 0.0962 1730
1762650678056 0.101 1740
1762650683295 0.0941 1750
1762650707539 0.0915 1760
1762650712865 0.0928 1770
1762650718074 0.0884 1780
1762650723294 0.0877 1790
1762650728348 0.0887 1800
1762650751721 0.0854 1810
1762650756890 0.0834 1820
1762650762161 0.081 1830
1762650767569 0.081 1840
1762650772791 0.0835 1850
1762650796255 0.0828 1860
1762650801389 0.0819 1870
1762650806669 0.0759 1880
1762650811985 0.0764 1890
1762650817129 0.0715 1900
1762650840435 0.0704 1910
1762650845729 0.0742 1920
1762650850974 0.0709 1930
1762650856096 0.0745 1940
1762650861275 0.0756 1950
1762650884668 0.0733 1960
1762650889901 0.0737 1970
1762650895131 0.0697 1980
1762650900285 0.0719 1990
1762650905611 0.0722 2000
1762650929493 0.0728 2010
1762650934727 0.0712 2020
1762650939839 0.0717 2030
1762650945150 0.0731 2040
1762650950312 0.0715 2050
1762650973821 0.0715 2060
1762650978939 0.0695 2070
1762650984170 0.0693 2080
1762650989436 0.0693 2090
1762650994648 0.0685 2100
1762651018104 0.068 2110
1762651023313 0.0714 2120
1762651028550 0.0671 2130
1762651033795 0.0675 2140
1762651039094 0.0679 2150
1762651062334 0.0714 2160
1762651067584 0.0663 2170
1762651072736 0.07 2180
1762651077862 0.0673 2190
1762651083039 0.0678 2200
1762651106586 0.068 2210
1762651111671 0.068 2220
1762651117019 0.0681 2230
1762651122289 0.0717 2240
1762651127491 0.0663 2250
1762651151554 0.0678 2260
1762651156709 0.0651 2270
1762651161964 0.0662 2280
1762651167091 0.067 2290
1762651172439 0.0668 2300
1762651195761 0.0659 2310
1762651200888 0.0645 2320
1762651206240 0.0656 2330
1762651211458 0.0692 2340
1762651216702 0.0676 2350
1762651239907 0.0691 2360
1762651245205 0.0677 2370
1762651250338 0.0645 2380
1762651255546 0.0665 2390
1762651260915 0.0665 2400
1762651284181 0.0646 2410
1762651289231 0.0663 2420
1762651294385 0.0672 2430
1762651299605 0.0662 2440
1762651304759 0.0635 2450
1762651328037 0.0624 2460
1762651333340 0.0669 2470
1762651338494 0.0634 2480
1762651343725 0.0645 2490
1762651348902 0.0649 2500
1762651372913 0.062 2510
1762651378193 0.0659 2520
1762651383372 0.0662 2530
1762651388530 0.0656 2540
1762651393709 0.0628 2550
1762651417014 0.0665 2560
1762651422206 0.0626 2570
1762651427491 0.068 2580
1762651432699 0.0661 2590
1762651437819 0.0646 2600
1762651461192 0.0644 2610
1762651466370 0.0646 2620
1762651471552 0.0618 2630
1762651476787 0.0639 2640
1762651481997 0.0648 2650
1762651505348 0.0644 2660
1762651510586 0.0672 2670
1762651515793 0.0589 2680
1762651520911 0.063 2690
1762651526156 0.0634 2700
1762651549557 0.0624 2710
1762651554686 0.0623 2720
1762651559838 0.0615 2730
1762651565084 0.0614 2740
1762651570232 0.0643 2750
1762651594190 0.0648 2760
1762651599448 0.0674 2770
1762651604737 0.0658 2780
1762651609901 0.064 2790
1762651615137 0.0622 2800
1762651638354 0.0616 2810
1762651643584 0.0595 2820
1762651648809 0.0617 2830
1762651653934 0.0626 2840
1762651659194 0.0626 2850
1762651682580 0.0643 2860
1762651687881 0.0613 2870
1762651693019 0.0618 2880
1762651698295 0.0608 2890
1762651703677 0.0604 2900
1762651726930 0.0621 2910
1762651732087 0.0616 2920
1762651737303 0.0642 2930
1762651742408 0.063 2940
1762651747569 0.0623 2950
1762651770994 0.0658 2960
1762651776019 0.0616 2970
1762651781145 0.0631 2980
1762651786273 0.0626 2990
1762651791524 0.0598 3000
1762651815547 0.0607 3010
1762651820917 0.0595 3020
1762651826006 0.0579 3030
1762651831182 0.062 3040
1762651836431 0.0609 3050
1762651859784 0.0635 3060
1762651864979 0.0613 3070
1762651870247 0.0622 3080
1762651875467 0.0594 3090
1762651880730 0.0629 3100
1762651904080 0.0599 3110
1762651909344 0.0625 3120
1762651914657 0.0603 3130
1762651919862 0.0618 3140
1762651925007 0.0601 3150
1762651948332 0.06 3160
1762651953544 0.0629 3170
1762651958773 0.0597 3180
1762651963975 0.0582 3190
1762651969172 0.059 3200
1762651992540 0.06 3210
1762651997774 0.0595 3220
1762652003030 0.0584 3230
1762652008222 0.0607 3240
1762652013467 0.0585 3250
1762652037742 0.0602 3260
1762652043103 0.0603 3270
1762652048344 0.0608 3280
1762652053528 0.059 3290
1762652058764 0.0608 3300
1762652082038 0.0598 3310
1762652087324 0.0591 3320
1762652092481 0.0609 3330
1762652097665 0.0605 3340
1762652102954 0.0616 3350
1762652126253 0.0596 3360
1762652131416 0.0608 3370
1762652136631 0.0579 3380
1762652141936 0.0586 3390
1762652147322 0.058 3400
1762652170806 0.0577 3410
1762652176078 0.0564 3420
1762652181368 0.0592 3430
1762652186518 0.058 3440
1762652191800 0.0594 3450
1762652215109 0.0604 3460
1762652220283 0.0602 3470
1762652225534 0.0591 3480
1762652230565 0.0579 3490
1762652235752 0.0589 3500
1762652259844 0.0584 3510
1762652264863 0.0585 3520
1762652269950 0.0608 3530
1762652275046 0.0615 3540
1762652280184 0.0592 3550
1762652303487 0.0574 3560
1762652308858 0.0591 3570
1762652313995 0.0571 3580
1762652319201 0.057 3590
1762652324574 0.0556 3600
1762652347942 0.0581 3610
1762652353183 0.0558 3620
1762652358395 0.0624 3630
1762652363555 0.0593 3640
1762652368893 0.0592 3650
1762652392299 0.0588 3660
1762652397477 0.0572 3670
1762652402694 0.0561 3680
1762652407818 0.0575 3690
1762652412941 0.0594 3700
1762652436388 0.0593 3710
1762652441615 0.0584 3720
1762652446677 0.0566 3730
1762652451817 0.0584 3740
1762652456952 0.056 3750
1762652480893 0.0572 3760
1762652486135 0.0582 3770
1762652491384 0.0557 3780
1762652496794 0.0566 3790
1762652502009 0.0545 3800
1762652525457 0.0587 3810
1762652530652 0.0598 3820
1762652535882 0.0577 3830
1762652541001 0.0569 3840
1762652546291 0.0559 3850
1762652569559 0.0572 3860
1762652574793 0.0589 3870
1762652579845 0.0586 3880
1762652584975 0.0567 3890
1762652590082 0.0575 3900
1762652613400 0.0585 3910
1762652618616 0.0571 3920
1762652623786 0.0562 3930
1762652629044 0.0582 3940
1762652634177 0.0562 3950
1762652657610 0.0566 3960
1762652662970 0.0572 3970
1762652668039 0.0566 3980
1762652673337 0.0565 3990
1762652678657 0.0556 4000
1762652702653 0.0564 4010
1762652707808 0.0562 4020
1762652713068 0.0575 4030
1762652718153 0.054 4040
1762652723309 0.057 4050
1762652746633 0.0572 4060
1762652752001 0.0587 4070
1762652757058 0.0539 4080
1762652762190 0.0578 4090
1762652767517 0.0575 4100
1762652790827 0.0573 4110
1762652795961 0.0559 4120
1762652801040 0.0553 4130
1762652806201 0.0563 4140
1762652811268 0.0556 4150
1762652834584 0.0554 4160
1762652839858 0.0569 4170
1762652845189 0.0531 4180
1762652850375 0.0565 4190
1762652855550 0.0542 4200
1762652878937 0.0593 4210
1762652884169 0.0572 4220
1762652889507 0.0579 4230
1762652894720 0.0551 4240
1762652899987 0.0549 4250
1762652924029 0.0556 4260
1762652929219 0.0577 4270
1762652934453 0.0569 4280
1762652939592 0.0547 4290
1762652944832 0.0571 4300
1762652968086 0.0547 4310
1762652973194 0.0555 4320
1762652978261 0.0553 4330
1762652983376 0.0571 4340
1762652988558 0.0571 4350
1762653012059 0.058 4360
1762653017124 0.0536 4370
1762653022359 0.0557 4380
1762653027650 0.0556 4390
1762653032929 0.0536 4400
1762653056204 0.0531 4410
1762653061370 0.0541 4420
1762653066646 0.0551 4430
1762653071894 0.0572 4440
1762653077188 0.0543 4450
1762653100495 0.0558 4460
1762653105767 0.0575 4470
1762653111053 0.0563 4480
1762653116255 0.0562 4490
1762653121441 0.0559 4500
1762653145315 0.0567 4510
1762653150368 0.055 4520
1762653155767 0.0541 4530
1762653161046 0.0565 4540
1762653166310 0.0562 4550
1762653189578 0.0555 4560
1762653194735 0.0556 4570
1762653200027 0.0525 4580
1762653205318 0.0533 4590
1762653210446 0.0551 4600
1762653233795 0.0542 4610
1762653239117 0.0558 4620
1762653244185 0.0547 4630
1762653249403 0.0553 4640
1762653254574 0.0557 4650
1762653277936 0.0577 4660
1762653283081 0.0553 4670
1762653288172 0.0538 4680
1762653293324 0.0548 4690
1762653298427 0.0531 4700
1762653321881 0.0554 4710
1762653327049 0.0542 4720
1762653332360 0.0534 4730
1762653337667 0.0538 4740
1762653342689 0.0551 4750
1762653366704 0.0572 4760
1762653371971 0.057 4770
1762653377139 0.0556 4780
1762653382275 0.0525 4790
1762653387566 0.0554 4800
1762653410833 0.0547 4810
1762653416074 0.0569 4820
1762653421309 0.054 4830
1762653426366 0.0547 4840
1762653431641 0.0565 4850
1762653455030 0.0547 4860
1762653460154 0.0553 4870
1762653465342 0.0519 4880
1762653470595 0.0547 4890
1762653475823 0.0551 4900
1762653499241 0.0537 4910
1762653504280 0.0538 4920
1762653509476 0.0545 4930
1762653514706 0.055 4940
1762653519789 0.0567 4950
1762653543217 0.0531 4960
1762653548525 0.0553 4970
1762653553672 0.0542 4980
1762653558828 0.0547 4990
1762653564125 0.0538 5000
1762653588170 0.0564 5010
1762653593402 0.0554 5020
1762653598580 0.0548 5030
1762653603776 0.0548 5040
1762653609005 0.0565 5050
1762653632276 0.0536 5060
1762653637428 0.054 5070
1762653642665 0.0551 5080
1762653647955 0.0548 5090
1762653653255 0.0538 5100
1762653676734 0.0556 5110
1762653681949 0.0546 5120
1762653687021 0.0546 5130
1762653692246 0.0532 5140
1762653697411 0.0537 5150
1762653720587 0.0565 5160
1762653725901 0.0548 5170
1762653731132 0.0564 5180
1762653736344 0.0539 5190
1762653741439 0.0551 5200
1762653764855 0.0536 5210
1762653770019 0.0546 5220
1762653775203 0.054 5230
1762653780357 0.0537 5240
1762653785439 0.0533 5250
1762653809512 0.0527 5260
1762653814643 0.0553 5270
1762653819961 0.0547 5280
1762653825138 0.0553 5290
1762653830345 0.054 5300
1762653853722 0.0537 5310
1762653858864 0.0581 5320
1762653864201 0.0524 5330
1762653869480 0.0526 5340
1762653874743 0.0564 5350
1762653898151 0.0536 5360
1762653903392 0.0567 5370
1762653908577 0.0556 5380
1762653913713 0.0545 5390
1762653918929 0.0536 5400
1762653942250 0.056 5410
1762653947569 0.0528 5420
1762653952653 0.0547 5430
1762653957805 0.0516 5440
1762653963089 0.0542 5450
1762653986475 0.0533 5460
1762653991746 0.0561 5470
1762653997049 0.0574 5480
1762654002158 0.0556 5490
1762654007249 0.0546 5500
1762654031331 0.0548 5510
1762654036696 0.0538 5520
1762654041814 0.0545 5530
1762654047028 0.0536 5540
1762654052314 0.0543 5550
1762654075640 0.055 5560
1762654080851 0.0541 5570
1762654086165 0.0536 5580
1762654091374 0.0541 5590
1762654096530 0.0542 5600
1762654119812 0.0535 5610
