1762649156554 0.4639462910592556 10
1762649161727 0.5107561096549034 20
1762649166842 0.5550448909401894 30
1762649172303 0.6242937445640564 40
1762649200875 0.8001940064132214 60
1762649206005 0.932958123087883 70
1762649211166 0.9445816099643707 80
1762649216344 0.9496596917510033 90
1762649244806 0.9577692352235317 110
1762649250054 0.9602904319763184 120
1762649255308 0.9628647074103356 130
1762649260557 0.9636444807052612 140
1762649289068 0.9641938582062721 160
1762649294295 0.9672379225492478 170
1762649299585 0.9675995677709579 180
1762649304695 0.9691465258598327 190
1762649333050 0.969489435851574 210
1762649338302 0.9704956248402595 220
1762649343486 0.9702526107430458 230
1762649348791 0.9705014020204544 240
1762649378014 0.9719378985464573 260
1762649383433 0.971549679338932 270
1762649388667 0.972422705590725 280
1762649393606 0.9731068640947342 290
1762649422195 0.9739713162183762 310
1762649427546 0.9731902465224266 320
1762649432775 0.974785016477108 330
1762649438013 0.9760248020291329 340
1762649466470 0.9755638875067234 360
1762649471598 0.9757032543420792 370
1762649476726 0.9754765525460243 380
1762649481973 0.9739796876907348 390
1762649510507 0.9758861444890499 410
1762649515605 0.9765904277563096 420
1762649520786 0.976368336379528 430
1762649525969 0.9754231482744217 440
1762649554671 0.9764459960162639 460
1762649559945 0.9774072140455246 470
1762649565232 0.975661663711071 480
1762649570446 0.9760349854826927 490
1762649599791 0.9758883632719517 510
1762649604827 0.9771029710769653 520
1762649610075 0.9780237689614296 530
1762649615199 0.9771286830306053 540
1762649643780 0.9766826935112476 560
1762649648855 0.9783638685941696 570
1762649654096 0.9761720627546311 580
1762649659290 0.9783977329730987 590
1762649687926 0.9773239769041538 610
1762649693166 0.9764599665999413 620
1762649698411 0.9763843148946763 630
1762649703695 0.9783035039901733 640
1762649732142 0.9782572470605373 660
1762649737328 0.9767299860715866 670
1762649742610 0.9784456059336663 680
1762649747829 0.9783061116933822 690
1762649776371 0.9776399038732052 710
1762649781616 0.9775677233934402 720
1762649786859 0.9776087939739228 730
1762649791858 0.978624327480793 740
1762649821170 0.9782610431313514 760
1762649826393 0.9767219424247742 770
1762649831762 0.9791314989328385 780
1762649837037 0.9778282329440117 790
1762649865602 0.9788468793034554 810
1762649870759 0.9769360840320587 820
1762649875944 0.9786410674452781 830
1762649881095 0.9795466527342797 840
1762649909637 0.9789990812540055 860
1762649914845 0.979203662276268 870
1762649920138 0.9785390436649323 880
1762649925309 0.9788361191749573 890
1762649953774 0.9782533250749111 910
1762649958859 0.9787975147366523 920
1762649964065 0.9792428389191628 930
1762649969321 0.9780147612094879 940
1762649997845 0.9787424802780151 960
1762650003109 0.9787159591913224 970
1762650008341 0.9807866558432579 980
1762650013607 0.9798379719257355 990
1762650042889 0.9795305959880352 1010
1762650048255 0.9789328292012215 1020
1762650053432 0.9787150844931602 1030
1762650058542 0.9793611451983452 1040
1762650087304 0.9796653777360916 1060
1762650092484 0.979006114602089 1070
1762650097608 0.9790678173303604 1080
1762650102855 0.978826281428337 1090
1762650131593 0.9794885948300361 1110
1762650136713 0.9789948210120201 1120
1762650141902 0.9803651228547097 1130
1762650147120 0.9800359547138214 1140
1762650175731 0.9790650241076946 1160
1762650180978 0.9789644092321396 1170
1762650186344 0.9799076601862907 1180
1762650191626 0.9789673686027527 1190
1762650220314 0.9799485668540001 1210
1762650225328 0.9800240501761437 1220
1762650230541 0.9798131957650185 1230
1762650235776 0.9802301988005638 1240
1762650264850 0.9798800952732563 1260
1762650269938 0.9798803269863129 1270
1762650275123 0.9795929476618767 1280
1762650280311 0.9805680021643639 1290
1762650308646 0.9804977439343929 1310
1762650313902 0.9801154628396034 1320
1762650319141 0.9799730256199837 1330
1762650324180 0.9814368844032287 1340
1762650352830 0.9803111098706723 1360
1762650357943 0.9808500185608864 1370
1762650363166 0.9805636242032051 1380
1762650368346 0.9802603200078011 1390
1762650396845 0.9801695212721825 1410
1762650402073 0.9802610442042351 1420
1762650407324 0.9808715924620628 1430
1762650412594 0.979948128759861 1440
1762650441071 0.9802149429917335 1460
1762650446352 0.9799881935119629 1470
1762650451424 0.9804213434457779 1480
1762650456696 0.9800799459218978 1490
1762650485848 0.9802809208631516 1510
1762650491087 0.9803409054875374 1520
1762650496287 0.9812751904129982 1530
1762650501483 0.980468387901783 1540
1762650529971 0.980241521447897 1560
1762650535298 0.9805983051657676 1570
1762650540633 0.9815053239464759 1580
1762650545904 0.9812880456447601 1590
1762650574386 0.9805206097662449 1610
1762650579743 0.9807971701025963 1620
1762650584785 0.980232658982277 1630
1762650590011 0.9804518342018127 1640
1762650618519 0.9808625712990761 1660
1762650623649 0.9805901303887368 1670
1762650628912 0.9809265077114105 1680
1762650634030 0.9812730237841606 1690
1762650662495 0.9811223909258843 1710
1762650667746 0.9802279874682427 1720
1762650672960 0.9811186105012893 1730
1762650678056 0.980112686753273 1740
1762650707539 0.9811804987490177 1760
1762650712865 0.9804135680198669 1770
1762650718074 0.9812985822558403 1780
1762650723294 0.9808628112077713 1790
1762650751721 0.9819088563323021 1810
1762650756890 0.9837958142161369 1820
1762650762161 0.9842853605747223 1830
1762650767569 0.9838970378041267 1840
1762650796255 0.9837432779371739 1860
1762650801389 0.9840033695101738 1870
1762650806669 0.9842344433069229 1880
1762650811985 0.9841203138232231 1890
1762650840435 0.9849138334393501 1910
1762650845729 0.9847100391983986 1920
1762650850974 0.9847424551844597 1930
1762650856096 0.9841784417629242 1940
1762650884668 0.9839683249592781 1960
1762650889901 0.9842292577028274 1970
1762650895131 0.9845888078212738 1980
1762650900285 0.9839408382773399 1990
1762650929493 0.9839066691696644 2010
1762650934727 0.9842778161168099 2020
1762650939839 0.9840860769152642 2030
1762650945150 0.9839982196688652 2040
1762650973821 0.9842469051480294 2060
1762650978939 0.9850882396101952 2070
1762650984170 0.984827496111393 2080
1762650989436 0.9842318341135978 2090
1762651018104 0.9849496431648731 2110
1762651023313 0.984430442750454 2120
1762651028550 0.9845492228865623 2130
1762651033795 0.9852912992238998 2140
1762651062334 0.9848211728036403 2160
1762651067584 0.9851938545703888 2170
1762651072736 0.9842884317040443 2180
1762651077862 0.9840729653835296 2190
1762651106586 0.9848940782248974 2210
1762651111671 0.9850653216242791 2220
1762651117019 0.9843771651387214 2230
1762651122289 0.9837694674730301 2240
1762651151554 0.98508575335145 2260
1762651156709 0.9856783375144005 2270
1762651161964 0.9853967979550362 2280
1762651167091 0.9848971500992775 2290
1762651195761 0.9851739920675755 2310
1762651200888 0.9857136696577072 2320
1762651206240 0.985071025788784 2330
1762651211458 0.9847026318311691 2340
1762651239907 0.9847677879035472 2360
1762651245205 0.98494733273983 2370
1762651250338 0.985652531683445 2380
1762651255546 0.9851795256137847 2390
1762651284181 0.9850236415863037 2410
1762651289231 0.9849802076816558 2420
1762651294385 0.9845242753624917 2430
1762651299605 0.9853066802024841 2440
1762651328037 0.9858926065266133 2460
1762651333340 0.9849822446703911 2470
1762651338494 0.9854001924395561 2480
1762651343725 0.9853629365563392 2490
1762651372913 0.9855195634067059 2510
1762651378193 0.9852940052747726 2520
1762651383372 0.9855862334370613 2530
1762651388530 0.9853227511048317 2540
1762651417014 0.9852880403399468 2560
1762651422206 0.9860219761729241 2570
1762651427491 0.984546235203743 2580
1762651432699 0.9852479726076127 2590
1762651461192 0.9857145227491856 2610
1762651466370 0.9854564771056176 2620
1762651471552 0.9855962783098221 2630
1762651476787 0.9857962518930435 2640
1762651505348 0.9852303244173527 2660
1762651510586 0.9853734374046326 2670
1762651515793 0.9866238817572593 2680
1762651520911 0.9858105167746544 2690
1762651549557 0.9856989085674286 2710
1762651554686 0.9856276080012322 2720
1762651559838 0.9858910083770752 2730
1762651565084 0.9868517279624939 2740
1762651594190 0.985301923751831 2760
1762651599448 0.9849890142679214 2770
1762651604737 0.9855318710207939 2780
1762651609901 0.9855022758245469 2790
1762651638354 0.9859919063746929 2810
1762651643584 0.98639574944973 2820
1762651648809 0.986260111629963 2830
1762651653934 0.9861634030938149 2840
1762651682580 0.9855990529060363 2860
1762651687881 0.9864049136638642 2870
1762651693019 0.9858922317624093 2880
1762651698295 0.9862081676721572 2890
1762651726930 0.9856866896152496 2910
1762651732087 0.985988786816597 2920
1762651737303 0.985470001399517 2930
1762651742408 0.9857235789299011 2940
1762651770994 0.9857072584331036 2960
1762651776019 0.9866094201803207 2970
1762651781145 0.9857534229755401 2980
1762651786273 0.9860872641205788 2990
1762651815547 0.9864322662353515 3010
1762651820917 0.9858034998178482 3020
1762651826006 0.986625637114048 3030
1762651831182 0.9859714820981026 3040
1762651859784 0.9857667446136474 3060
1762651864979 0.9860680714249611 3070
1762651870247 0.9857644781470298 3080
1762651875467 0.9869405224919319 3090
1762651904080 0.9859404325485229 3110
1762651909344 0.986693662405014 3120
1762651914657 0.9863636329770088 3130
1762651919862 0.9860004514455796 3140
1762651948332 0.9865956924855709 3160
1762651953544 0.9861220598220826 3170
1762651958773 0.9866361960768699 3180
1762651963975 0.9867408499121666 3190
1762651992540 0.9864632062613964 3210
1762651997774 0.9865118846297264 3220
1762652003030 0.9865051224827767 3230
1762652008222 0.9863707035779953 3240
1762652037742 0.9867171555757522 3260
1762652043103 0.9860626786947251 3270
1762652048344 0.9864727392792701 3280
1762652053528 0.9865800872445106 3290
1762652082038 0.9864431180059909 3310
1762652087324 0.9859925448894501 3320
1762652092481 0.9866301774978637 3330
1762652097665 0.9862039268016816 3340
1762652126253 0.9859009578824043 3360
1762652131416 0.9858723253011703 3370
1762652136631 0.9868698656558991 3380
1762652141936 0.9867125153541565 3390
1762652170806 0.9865080326795578 3410
1762652176078 0.9868711158633232 3420
1762652181368 0.9858977019786834 3430
1762652186518 0.9871218711137771 3440
1762652215109 0.9864744961261749 3460
1762652220283 0.9867062002420426 3470
1762652225534 0.9866562873125077 3480
1762652230565 0.9866475209593772 3490
1762652259844 0.9869847439229489 3510
1762652264863 0.9867895811796188 3520
1762652269950 0.9862780287861824 3530
1762652275046 0.9864644423127175 3540
1762652303487 0.9866937696933746 3560
1762652308858 0.9865354016423226 3570
1762652313995 0.9869732975959777 3580
1762652319201 0.9869156822562217 3590
1762652347942 0.9869822561740875 3610
1762652353183 0.9872182354331016 3620
1762652358395 0.9864446818828583 3630
1762652363555 0.9865460112690926 3640
1762652392299 0.9862937323749066 3660
1762652397477 0.9867550611495972 3670
1762652402694 0.9866867005825043 3680
1762652407818 0.9865724444389343 3690
1762652436388 0.9865899197757244 3710
1762652441615 0.9873193234205246 3720
1762652446677 0.9874264508485794 3730
1762652451817 0.9870577320456505 3740
1762652480893 0.9869606867432594 3760
1762652486135 0.987220473587513 3770
1762652491384 0.9869405567646027 3780
1762652496794 0.9866152018308639 3790
1762652525457 0.9872506685554981 3810
1762652530652 0.9865970551967621 3820
1762652535882 0.9866785779595375 3830
1762652541001 0.987083189189434 3840
1762652569559 0.9871406450867652 3860
1762652574793 0.986787098646164 3870
1762652579845 0.9865389838814735 3880
1762652584975 0.9872345745563507 3890
1762652613400 0.9871014758944512 3910
1762652618616 0.9866157650947571 3920
1762652623786 0.9875606685876847 3930
1762652629044 0.9872096866369248 3940
1762652657610 0.9869948782026767 3960
1762652662970 0.9873832151293754 3970
1762652668039 0.987151277065277 3980
1762652673337 0.9868717029690742 3990
1762652702653 0.9870555482804775 4010
1762652707808 0.9872547179460526 4020
1762652713068 0.9870176941156388 4030
1762652718153 0.9874967634677887 4040
1762652746633 0.9872057892382144 4060
1762652752001 0.9870830938220024 4070
1762652757058 0.9874502927064895 4080
1762652762190 0.9870251476764679 4090
1762652790827 0.9868217878043651 4110
1762652795961 0.9871783882379532 4120
1762652801040 0.9871539637446404 4130
1762652806201 0.9872397989034652 4140
1762652834584 0.9872613161802292 4160
1762652839858 0.9876209139823914 4170
1762652845189 0.987558676302433 4180
1762652850375 0.9873587995767593 4190
1762652878937 0.9872847780585289 4210
1762652884169 0.9872284650802612 4220
1762652889507 0.9871462479233741 4230
1762652894720 0.9874798566102981 4240
1762652924029 0.9870523393154145 4260
1762652929219 0.987377955019474 4270
1762652934453 0.9863285005092621 4280
1762652939592 0.987269738316536 4290
1762652968086 0.9876261077821255 4310
1762652973194 0.9869543731212616 4320
1762652978261 0.9876319736242294 4330
1762652983376 0.9871043264865875 4340
1762653012059 0.9873417340219021 4360
1762653017124 0.9874499857425689 4370
1762653022359 0.9870187804102898 4380
1762653027650 0.9874255150556565 4390
1762653056204 0.9877345696091652 4410
1762653061370 0.9873960301280021 4420
1762653066646 0.9874174401164055 4430
1762653071894 0.9869665145874024 4440
1762653100495 0.9873355902731419 4460
1762653105767 0.9870193481445313 4470
1762653111053 0.987565490603447 4480
1762653116255 0.987412491440773 4490
1762653145315 0.9873471580445766 4510
1762653150368 0.9870575368404388 4520
1762653155767 0.9870882973074913 4530
1762653161046 0.9872244030237198 4540
1762653189578 0.9874711208045482 4560
1762653194735 0.9871891766786576 4570
1762653200027 0.9878765657544136 4580
1762653205318 0.9880289882421494 4590
1762653233795 0.9874967649579048 4610
1762653239117 0.987614569067955 4620
1762653244185 0.9873216092586518 4630
1762653249403 0.9876499652862549 4640
1762653277936 0.9871724903583526 4660
1762653283081 0.987753213942051 4670
1762653288172 0.98750441968441 4680
1762653293324 0.9875213980674744 4690
1762653321881 0.9878541275858879 4710
1762653327049 0.987760254740715 4720
1762653332360 0.9880678743124008 4730
1762653337667 0.9875885263085366 4740
1762653366704 0.9874036364257336 4760
1762653371971 0.9873145028948784 4770
1762653377139 0.9874593868851662 4780
1762653382275 0.9873850554227829 4790
1762653410833 0.9875503696501255 4810
1762653416074 0.9873331472277641 4820
1762653421309 0.9875787168741226 4830
1762653426366 0.9872013419866562 4840
1762653455030 0.9873844116926194 4860
1762653460154 0.9877787888050079 4870
1762653465342 0.9874293938279152 4880
1762653470595 0.9879902392625809 4890
1762653499241 0.9876742035150528 4910
1762653504280 0.9878041073679924 4920
1762653509476 0.9881265014410019 4930
1762653514706 0.9870850160717964 4940
1762653543217 0.9875375129282474 4960
1762653548525 0.9874920338392258 4970
1762653553672 0.9877408757805825 4980
1762653558828 0.9872951358556747 4990
1762653588170 0.9876829333603382 5010
1762653593402 0.9878141701221466 5020
1762653598580 0.9876254245638847 5030
1762653603776 0.9873275324702263 5040
1762653632276 0.9875907488167286 5060
1762653637428 0.9874813929200172 5070
1762653642665 0.98761795014143 5080
1762653647955 0.987542201578617 5090
1762653676734 0.98766810297966 5110
1762653681949 0.9876575663685798 5120
1762653687021 0.9878091678023339 5130
1762653692246 0.987697321176529 5140
1762653720587 0.9878911763429642 5160
1762653725901 0.9877043560147285 5170
1762653731132 0.9870913952589035 5180
1762653736344 0.9873848170042038 5190
1762653764855 0.9873678766191005 5210
1762653770019 0.9879327684640884 5220
1762653775203 0.987673781812191 5230
1762653780357 0.9878601044416427 5240
1762653809512 0.9880022697150708 5260
1762653814643 0.9878524079918861 5270
1762653819961 0.987556341290474 5280
1762653825138 0.987488305568695 5290
1762653853722 0.9874855861067772 5310
1762653858864 0.9868602216243744 5320
1762653864201 0.9881721451878548 5330
1762653869480 0.9875900372862816 5340
1762653898151 0.9875192798674106 5360
1762653903392 0.9868939831852913 5370
1762653908577 0.9876172780990601 5380
1762653913713 0.9878372251987457 5390
1762653942250 0.9876885652542114 5410
1762653947569 0.9878571480512619 5420
1762653952653 0.9881449162960052 5430
1762653957805 0.9880695432424546 5440
1762653986475 0.9877316236495972 5460
1762653991746 0.9874601036310195 5470
1762653997049 0.9872855097055435 5480
1762654002158 0.9874603420495986 5490
1762654031331 0.9874947927892208 5510
1762654036696 0.9874831527471543 5520
1762654041814 0.9876580819487571 5530
1762654047028 0.9877829730510712 5540
1762654075640 0.9874972902238369 5560
1762654080851 0.9878802001476288 5570
1762654086165 0.987817320227623 5580
1762654091374 0.9877657979726792 5590
1762654119812 0.9878754183650017 5610
