1762649156554 49210.0 10
1762649161727 98405.0 20
1762649166842 147526.0 30
1762649172303 197148.0 40
1762649200875 295824.0 60
1762649206005 345015.0 70
1762649211166 394351.0 80
1762649216344 443694.0 90
1762649244806 541942.0 110
1762649250054 591344.0 120
1762649255308 640805.0 130
1762649260557 690002.0 140
1762649289068 788694.0 160
1762649294295 838116.0 170
1762649299585 887574.0 180
1762649304695 936290.0 190
1762649333050 1034565.0 210
1762649338302 1084117.0 220
1762649343486 1133309.0 230
1762649348791 1182737.0 240
1762649378014 1281285.0 260
1762649383433 1330863.0 270
1762649388667 1380226.0 280
1762649393606 1429320.0 290
1762649422195 1527975.0 310
1762649427546 1577435.0 320
1762649432775 1626883.0 330
1762649438013 1676185.0 340
1762649466470 1774704.0 360
1762649471598 1823865.0 370
1762649476726 1872673.0 380
1762649481973 1922227.0 390
1762649510507 2021009.0 410
1762649515605 2069994.0 420
1762649520786 2119262.0 430
1762649525969 2168482.0 440
1762649554671 2267172.0 460
1762649559945 2316415.0 470
1762649565232 2365870.0 480
1762649570446 2415203.0 490
1762649599791 2514409.0 510
1762649604827 2563307.0 520
1762649610075 2612504.0 530
1762649615199 2661753.0 540
1762649643780 2760280.0 560
1762649648855 2809160.0 570
1762649654096 2858508.0 580
1762649659290 2907733.0 590
1762649687926 3006785.0 610
1762649693166 3056153.0 620
1762649698411 3105716.0 630
1762649703695 3155218.0 640
1762649732142 3253246.0 660
1762649737328 3302730.0 670
1762649742610 3352018.0 680
1762649747829 3401118.0 690
1762649776371 3499893.0 710
1762649781616 3549271.0 720
1762649786859 3598437.0 730
1762649791858 3647473.0 740
1762649821170 3745320.0 760
1762649826393 3794622.0 770
1762649831762 3844026.0 780
1762649837037 3893801.0 790
1762649865602 3992493.0 810
1762649870759 4041979.0 820
1762649875944 4091436.0 830
1762649881095 4140418.0 840
1762649909637 4238993.0 860
1762649914845 4288365.0 870
1762649920138 4337921.0 880
1762649925309 4387104.0 890
1762649953774 4485748.0 910
1762649958859 4534624.0 920
1762649964065 4583897.0 930
1762649969321 4632766.0 940
1762649997845 4731288.0 960
1762650003109 4780770.0 970
1762650008341 4830132.0 980
1762650013607 4879585.0 990
1762650042889 4978072.0 1010
1762650048255 5027682.0 1020
1762650053432 5076847.0 1030
1762650058542 5125947.0 1040
1762650087304 5224150.0 1060
1762650092484 5273361.0 1070
1762650097608 5322539.0 1080
1762650102855 5372153.0 1090
1762650131593 5470998.0 1110
1762650136713 5520188.0 1120
1762650141902 5569204.0 1130
1762650147120 5618444.0 1140
1762650175731 5717117.0 1160
1762650180978 5766756.0 1170
1762650186344 5816178.0 1180
1762650191626 5865783.0 1190
1762650220314 5964639.0 1210
1762650225328 6013608.0 1220
1762650230541 6063084.0 1230
1762650235776 6112359.0 1240
1762650264850 6210608.0 1260
1762650269938 6259664.0 1270
1762650275123 6308933.0 1280
1762650280311 6358190.0 1290
1762650308646 6456225.0 1310
1762650313902 6505818.0 1320
1762650319141 6555185.0 1330
1762650324180 6604142.0 1340
1762650352830 6703131.0 1360
1762650357943 6752270.0 1370
1762650363166 6801437.0 1380
1762650368346 6850860.0 1390
1762650396845 6949271.0 1410
1762650402073 6998635.0 1420
1762650407324 7047983.0 1430
1762650412594 7097439.0 1440
1762650441071 7195772.0 1460
1762650446352 7245312.0 1470
1762650451424 7294492.0 1480
1762650456696 7343877.0 1490
1762650485848 7442001.0 1510
1762650491087 7491481.0 1520
1762650496287 7540569.0 1530
1762650501483 7589904.0 1540
1762650529971 7688385.0 1560
1762650535298 7738166.0 1570
1762650540633 7787538.0 1580
1762650545904 7836769.0 1590
1762650574386 7935338.0 1610
1762650579743 7984944.0 1620
1762650584785 8033703.0 1630
1762650590011 8083112.0 1640
1762650618519 8181686.0 1660
1762650623649 8230742.0 1670
1762650628912 8280112.0 1680
1762650634030 8328921.0 1690
1762650662495 8427458.0 1710
1762650667746 8476853.0 1720
1762650672960 8526230.0 1730
1762650678056 8575318.0 1740
1762650707539 8674119.0 1760
1762650712865 8723764.0 1770
1762650718074 8773101.0 1780
1762650723294 8822621.0 1790
1762650751721 8921076.0 1810
1762650756890 8970402.0 1820
1762650762161 9019542.0 1830
1762650767569 9068935.0 1840
1762650796255 9167424.0 1860
1762650801389 9216230.0 1870
1762650806669 9265617.0 1880
1762650811985 9314924.0 1890
1762650840435 9413364.0 1910
1762650845729 9462740.0 1920
1762650850974 9512075.0 1930
1762650856096 9561205.0 1940
1762650884668 9660119.0 1960
1762650889901 9709369.0 1970
1762650895131 9758676.0 1980
1762650900285 9807623.0 1990
1762650929493 9906046.0 2010
1762650934727 9955407.0 2020
1762650939839 10004647.0 2030
1762650945150 10054231.0 2040
1762650973821 10152764.0 2060
1762650978939 10201745.0 2070
1762650984170 10250882.0 2080
1762650989436 10300218.0 2090
1762651018104 10398890.0 2110
1762651023313 10448237.0 2120
1762651028550 10497738.0 2130
1762651033795 10547059.0 2140
1762651062334 10645627.0 2160
1762651067584 10694943.0 2170
1762651072736 10744013.0 2180
1762651077862 10793278.0 2190
1762651106586 10892350.0 2210
1762651111671 10941512.0 2220
1762651117019 10990854.0 2230
1762651122289 11040276.0 2240
1762651151554 11138428.0 2260
1762651156709 11187541.0 2270
1762651161964 11237012.0 2280
1762651167091 11286077.0 2290
1762651195761 11385186.0 2310
1762651200888 11434180.0 2320
1762651206240 11484005.0 2330
1762651211458 11533448.0 2340
1762651239907 11631949.0 2360
1762651245205 11681368.0 2370
1762651250338 11730586.0 2380
1762651255546 11779744.0 2390
1762651284181 11878556.0 2410
1762651289231 11927404.0 2420
1762651294385 11976530.0 2430
1762651299605 12025630.0 2440
1762651328037 12123979.0 2460
1762651333340 12173237.0 2470
1762651338494 12222376.0 2480
1762651343725 12271850.0 2490
1762651372913 12370297.0 2510
1762651378193 12419940.0 2520
1762651383372 12469164.0 2530
1762651388530 12518112.0 2540
1762651417014 12616691.0 2560
1762651422206 12666040.0 2570
1762651427491 12715362.0 2580
1762651432699 12764947.0 2590
1762651461192 12863506.0 2610
1762651466370 12912493.0 2620
1762651471552 12961759.0 2630
1762651476787 13011277.0 2640
1762651505348 13109953.0 2660
1762651510586 13159259.0 2670
1762651515793 13208493.0 2680
1762651520911 13257691.0 2690
1762651549557 13356612.0 2710
1762651554686 13405959.0 2720
1762651559838 13455276.0 2730
1762651565084 13504435.0 2740
1762651594190 13602995.0 2760
1762651599448 13652323.0 2770
1762651604737 13701577.0 2780
1762651609901 13750711.0 2790
1762651638354 13848936.0 2810
1762651643584 13898375.0 2820
1762651648809 13947567.0 2830
1762651653934 13996845.0 2840
1762651682580 14095746.0 2860
1762651687881 14145262.0 2870
1762651693019 14194380.0 2880
1762651698295 14243724.0 2890
1762651726930 14342665.0 2910
1762651732087 14391921.0 2920
1762651737303 14441294.0 2930
1762651742408 14490272.0 2940
1762651770994 14589120.0 2960
1762651776019 14637897.0 2970
1762651781145 14686954.0 2980
1762651786273 14736368.0 2990
1762651815547 14834895.0 3010
1762651820917 14884283.0 3020
1762651826006 14933173.0 3030
1762651831182 14982342.0 3040
1762651859784 15081127.0 3060
1762651864979 15130227.0 3070
1762651870247 15179600.0 3080
1762651875467 15228713.0 3090
1762651904080 15327335.0 3110
1762651909344 15376894.0 3120
1762651914657 15426283.0 3130
1762651919862 15475608.0 3140
1762651948332 15574330.0 3160
1762651953544 15623643.0 3170
1762651958773 15672490.0 3180
1762651963975 15721954.0 3190
1762651992540 15820473.0 3210
1762651997774 15869850.0 3220
1762652003030 15919135.0 3230
1762652008222 15968369.0 3240
1762652037742 16066872.0 3260
1762652043103 16116481.0 3270
1762652048344 16165845.0 3280
1762652053528 16215180.0 3290
1762652082038 16313424.0 3310
1762652087324 16362914.0 3320
1762652092481 16412192.0 3330
1762652097665 16461379.0 3340
1762652126253 16559933.0 3360
1762652131416 16608903.0 3370
1762652136631 16658207.0 3380
1762652141936 16707582.0 3390
1762652170806 16807034.0 3410
1762652176078 16856623.0 3420
1762652181368 16905808.0 3430
1762652186518 16954957.0 3440
1762652215109 17053921.0 3460
1762652220283 17103396.0 3470
1762652225534 17152693.0 3480
1762652230565 17201553.0 3490
1762652259844 17300087.0 3510
1762652264863 17349146.0 3520
1762652269950 17398415.0 3530
1762652275046 17447386.0 3540
1762652303487 17545267.0 3560
1762652308858 17594847.0 3570
1762652313995 17644093.0 3580
1762652319201 17693341.0 3590
1762652347942 17792273.0 3610
1762652353183 17841463.0 3620
1762652358395 17890589.0 3630
1762652363555 17939858.0 3640
1762652392299 18039096.0 3660
1762652397477 18088107.0 3670
1762652402694 18137511.0 3680
1762652407818 18186658.0 3690
1762652436388 18285202.0 3710
1762652441615 18334476.0 3720
1762652446677 18383465.0 3730
1762652451817 18432460.0 3740
1762652480893 18531001.0 3760
1762652486135 18580365.0 3770
1762652491384 18629970.0 3780
1762652496794 18679577.0 3790
1762652525457 18778253.0 3810
1762652530652 18827419.0 3820
1762652535882 18876823.0 3830
1762652541001 18925889.0 3840
1762652569559 19024567.0 3860
1762652574793 19074003.0 3870
1762652579845 19123029.0 3880
1762652584975 19172378.0 3890
1762652613400 19270711.0 3910
1762652618616 19320009.0 3920
1762652623786 19368965.0 3930
1762652629044 19418315.0 3940
1762652657610 19516909.0 3960
1762652662970 19566446.0 3970
1762652668039 19615504.0 3980
1762652673337 19665201.0 3990
1762652702653 19763898.0 4010
1762652707808 19812998.0 4020
1762652713068 19862573.0 4030
1762652718153 19911859.0 4040
1762652746633 20010175.0 4060
1762652752001 20059535.0 4070
1762652757058 20108487.0 4080
1762652762190 20157575.0 4090
1762652790827 20256243.0 4110
1762652795961 20305183.0 4120
1762652801040 20354376.0 4130
1762652806201 20403478.0 4140
1762652834584 20502143.0 4160
1762652839858 20551481.0 4170
1762652845189 20601024.0 4180
1762652850375 20650359.0 4190
1762652878937 20749277.0 4210
1762652884169 20798405.0 4220
1762652889507 20847846.0 4230
1762652894720 20897236.0 4240
1762652924029 20996032.0 4260
1762652929219 21045183.0 4270
1762652934453 21094672.0 4280
1762652939592 21143787.0 4290
1762652968086 21241576.0 4310
1762652973194 21290543.0 4320
1762652978261 21339573.0 4330
1762652983376 21388927.0 4340
1762653012059 21487788.0 4360
1762653017124 21536824.0 4370
1762653022359 21586406.0 4380
1762653027650 21635880.0 4390
1762653056204 21734123.0 4410
1762653061370 21783248.0 4420
1762653066646 21832794.0 4430
1762653071894 21882031.0 4440
1762653100495 21980509.0 4460
1762653105767 22030032.0 4470
1762653111053 22079659.0 4480
1762653116255 22128696.0 4490
1762653145315 22227075.0 4510
1762653150368 22276173.0 4520
1762653155767 22325957.0 4530
1762653161046 22375682.0 4540
1762653189578 22474590.0 4560
1762653194735 22523690.0 4570
1762653200027 22573005.0 4580
1762653205318 22622245.0 4590
1762653233795 22720633.0 4610
1762653239117 22770164.0 4620
1762653244185 22819393.0 4630
1762653249403 22868795.0 4640
1762653277936 22967253.0 4660
1762653283081 23016332.0 4670
1762653288172 23065195.0 4680
1762653293324 23114242.0 4690
1762653321881 23212639.0 4710
1762653327049 23262137.0 4720
1762653332360 23311603.0 4730
1762653337667 23361305.0 4740
1762653366704 23459446.0 4760
1762653371971 23509125.0 4770
1762653377139 23558510.0 4780
1762653382275 23607719.0 4790
1762653410833 23706153.0 4810
1762653416074 23755423.0 4820
1762653421309 23805001.0 4830
1762653426366 23854127.0 4840
1762653455030 23952706.0 4860
1762653460154 24001559.0 4870
1762653465342 24050816.0 4880
1762653470595 24100111.0 4890
1762653499241 24198953.0 4910
1762653504280 24247717.0 4920
1762653509476 24296921.0 4930
1762653514706 24346188.0 4940
1762653543217 24445061.0 4960
1762653548525 24494770.0 4970
1762653553672 24544073.0 4980
1762653558828 24593358.0 4990
1762653588170 24692125.0 5010
1762653593402 24741331.0 5020
1762653598580 24790495.0 5030
1762653603776 24839925.0 5040
1762653632276 24937970.0 5060
1762653637428 24987232.0 5070
1762653642665 25036379.0 5080
1762653647955 25085949.0 5090
1762653676734 25185138.0 5110
1762653681949 25234531.0 5120
1762653687021 25283563.0 5130
1762653692246 25332946.0 5140
1762653720587 25431330.0 5160
1762653725901 25480835.0 5170
1762653731132 25530343.0 5180
1762653736344 25579498.0 5190
1762653764855 25677699.0 5210
1762653770019 25727033.0 5220
1762653775203 25776199.0 5230
1762653780357 25825143.0 5240
1762653809512 25923724.0 5260
1762653814643 25972910.0 5270
1762653819961 26022422.0 5280
1762653825138 26071676.0 5290
1762653853722 26170003.0 5310
1762653858864 26219327.0 5320
1762653864201 26268751.0 5330
1762653869480 26318123.0 5340
1762653898151 26416668.0 5360
1762653903392 26466081.0 5370
1762653908577 26515477.0 5380
1762653913713 26564725.0 5390
1762653942250 26663145.0 5410
1762653947569 26712574.0 5420
1762653952653 26761374.0 5430
1762653957805 26810799.0 5440
1762653986475 26909508.0 5460
1762653991746 26959028.0 5470
1762653997049 27008627.0 5480
1762654002158 27057615.0 5490
1762654031331 27156086.0 5510
1762654036696 27205431.0 5520
1762654041814 27254320.0 5530
1762654047028 27303550.0 5540
1762654075640 27402520.0 5560
1762654080851 27451444.0 5570
1762654086165 27500688.0 5580
1762654091374 27550506.0 5590
1762654119812 27648690.0 5610
