1762399997078 2.1882730960845946 10
1762399999828 2.202599573135376 20
1762400002573 2.239203763008118 30
1762400005318 2.2554646253585817 40
1762400008044 2.360621976852417 50
1762400024038 2.3466022491455076 60
1762400026784 2.405662441253662 70
1762400029528 2.4080326080322267 80
1762400032258 2.4662262439727782 90
1762400034984 2.3406381130218508 100
1762400051469 2.160778224468231 110
1762400054206 1.9657704949378967 120
1762400056940 1.7369750618934632 130
1762400059679 1.5183752298355102 140
1762400062423 1.3839531660079956 150
1762400078090 1.2413244366645813 160
1762400080800 1.0660748720169066 170
1762400083547 0.9718840479850769 180
1762400086281 0.9075570702552795 190
1762400089027 0.9000068187713623 200
1762400105494 0.8552452206611634 210
1762400108237 0.8937228739261627 220
1762400110958 0.8426153421401977 230
1762400113684 0.8692370772361755 240
1762400116403 0.8672984063625335 250
1762400132029 0.815255343914032 260
1762400134772 0.813982629776001 270
1762400137503 0.7722711205482483 280
1762400140248 0.7483011186122894 290
1762400142985 0.7645635902881622 300
1762400159504 0.7337075293064117 310
1762400162244 0.7753666758537292 320
1762400164981 0.7032525897026062 330
1762400167724 0.7670615792274476 340
1762400170447 0.7050085008144379 350
1762400186108 0.7809009432792664 360
1762400188820 0.7294941246509552 370
1762400191544 0.7104285895824433 380
1762400194270 0.7501649498939514 390
1762400196999 0.6817687273025512 400
1762400213784 0.7134682059288024 410
1762400216518 0.7215343713760376 420
1762400219244 0.700652027130127 430
1762400221963 0.689119529724121 440
1762400224679 0.7422970592975616 450
1762400240318 0.7199433386325836 460
1762400243053 0.7228277385234833 470
1762400245781 0.6645004272460937 480
1762400248503 0.6784428715705871 490
1762400251230 0.6490764737129211 500
1762400267757 0.6675368905067444 510
1762400270503 0.6725368320941925 520
1762400273241 0.6849563658237457 530
1762400275981 0.6716171145439148 540
1762400278727 0.6550015509128571 550
1762400294413 0.6456612586975098 560
1762400297156 0.6219157695770263 570
1762400299873 0.6475131869316101 580
1762400302607 0.6610198020935059 590
1762400305348 0.6800506412982941 600
1762400321877 0.6800952196121216 610
1762400324628 0.6625780642032624 620
1762400327356 0.6482484042644501 630
1762400330086 0.6626447379589081 640
1762400332826 0.6349810540676117 650
1762400348520 0.625163322687149 660
1762400351253 0.6336651623249054 670
1762400354005 0.6098457336425781 680
1762400356747 0.6225210428237915 690
1762400359486 0.6213987112045288 700
1762400376024 0.6213480770587921 710
1762400378761 0.6241054058074951 720
1762400381501 0.6102435111999511 730
1762400384230 0.5994236528873443 740
1762400386971 0.6544330418109894 750
1762400402673 0.6236342668533326 760
1762400405425 0.6217751264572143 770
1762400408150 0.6640515565872193 780
1762400410891 0.6026378452777863 790
1762400413640 0.5995679795742035 800
1762400430159 0.6171889841556549 810
1762400432898 0.6252625107765197 820
1762400435625 0.6341925442218781 830
1762400438368 0.5992961525917053 840
1762400441100 0.6212967216968537 850
1762400456809 0.612423175573349 860
1762400459555 0.6193073868751526 870
1762400462285 0.6184386253356934 880
1762400465028 0.6273689031600952 890
1762400467765 0.5983292520046234 900
1762400484254 0.6444044470787048 910
1762400486993 0.6166317105293274 920
1762400489728 0.6200513660907745 930
1762400492454 0.6026880383491516 940
1762400495198 0.6599938750267029 950
1762400510877 0.6213817834854126 960
1762400513631 0.6273794889450073 970
1762400516355 0.6026785135269165 980
1762400519086 0.6113602817058563 990
1762400521814 0.6087729573249817 1000
