1762399997078 0.013368983957219251 10
1762399999828 0.026737967914438502 20
1762400002573 0.040106951871657755 30
1762400005318 0.053475935828877004 40
1762400008044 0.06684491978609626 50
1762400021286 0.06684491978609626 50
1762400024038 0.08021390374331551 60
1762400026784 0.09358288770053476 70
1762400029528 0.10695187165775401 80
1762400032258 0.12032085561497326 90
1762400034984 0.13368983957219252 100
1762400047911 0.13368983957219252 100
1762400051469 0.14705882352941177 110
1762400054206 0.16042780748663102 120
1762400056940 0.17379679144385027 130
1762400059679 0.18716577540106952 140
1762400062423 0.20053475935828877 150
1762400075354 0.20053475935828877 150
1762400078090 0.21390374331550802 160
1762400080800 0.22727272727272727 170
1762400083547 0.24064171122994651 180
1762400086281 0.2540106951871658 190
1762400089027 0.26737967914438504 200
1762400101934 0.26737967914438504 200
1762400105494 0.2807486631016043 210
1762400108237 0.29411764705882354 220
1762400110958 0.3074866310160428 230
1762400113684 0.32085561497326204 240
1762400116403 0.3342245989304813 250
1762400129309 0.3342245989304813 250
1762400132029 0.34759358288770054 260
1762400134772 0.3609625668449198 270
1762400137503 0.37433155080213903 280
1762400140248 0.3877005347593583 290
1762400142985 0.40106951871657753 300
1762400155926 0.40106951871657753 300
1762400159504 0.4144385026737968 310
1762400162244 0.42780748663101603 320
1762400164981 0.4411764705882353 330
1762400167724 0.45454545454545453 340
1762400170447 0.4679144385026738 350
1762400183370 0.4679144385026738 350
1762400186108 0.48128342245989303 360
1762400188820 0.4946524064171123 370
1762400191544 0.5080213903743316 380
1762400194270 0.5213903743315508 390
1762400196999 0.5347593582887701 400
1762400209887 0.5347593582887701 400
1762400213784 0.5481283422459893 410
1762400216518 0.5614973262032086 420
1762400219244 0.5748663101604278 430
1762400221963 0.5882352941176471 440
1762400224679 0.6016042780748663 450
1762400237590 0.6016042780748663 450
1762400240318 0.6149732620320856 460
1762400243053 0.6283422459893048 470
1762400245781 0.6417112299465241 480
1762400248503 0.6550802139037433 490
1762400251230 0.6684491978609626 500
1762400264172 0.6684491978609626 500
1762400267757 0.6818181818181818 510
1762400270503 0.6951871657754011 520
1762400273241 0.7085561497326203 530
1762400275981 0.7219251336898396 540
1762400278727 0.7352941176470589 550
1762400291666 0.7352941176470589 550
1762400294413 0.7486631016042781 560
1762400297156 0.7620320855614974 570
1762400299873 0.7754010695187166 580
1762400302607 0.7887700534759359 590
1762400305348 0.8021390374331551 600
1762400318295 0.8021390374331551 600
1762400321877 0.8155080213903744 610
1762400324628 0.8288770053475936 620
1762400327356 0.8422459893048129 630
1762400330086 0.8556149732620321 640
1762400332826 0.8689839572192514 650
1762400345767 0.8689839572192514 650
1762400348520 0.8823529411764706 660
1762400351253 0.8957219251336899 670
1762400354005 0.9090909090909091 680
1762400356747 0.9224598930481284 690
1762400359486 0.9358288770053476 700
1762400372469 0.9358288770053476 700
1762400376024 0.9491978609625669 710
1762400378761 0.9625668449197861 720
1762400381501 0.9759358288770054 730
1762400384230 0.9893048128342246 740
1762400386971 1.0026737967914439 750
1762400399923 1.0026737967914439 750
1762400402673 1.0160427807486632 760
1762400405425 1.0294117647058822 770
1762400408150 1.0427807486631016 780
1762400410891 1.0561497326203209 790
1762400413640 1.0695187165775402 800
1762400426604 1.0695187165775402 800
1762400430159 1.0828877005347595 810
1762400432898 1.0962566844919786 820
1762400435625 1.1096256684491979 830
1762400438368 1.1229946524064172 840
1762400441100 1.1363636363636362 850
1762400454069 1.1363636363636362 850
1762400456809 1.1497326203208555 860
1762400459555 1.1631016042780749 870
1762400462285 1.1764705882352942 880
1762400465028 1.1898395721925135 890
1762400467765 1.2032085561497325 900
1762400480684 1.2032085561497325 900
1762400484254 1.2165775401069518 910
1762400486993 1.2299465240641712 920
1762400489728 1.2433155080213905 930
1762400492454 1.2566844919786098 940
1762400495198 1.2700534759358288 950
1762400508139 1.2700534759358288 950
1762400510877 1.2834224598930482 960
1762400513631 1.2967914438502675 970
1762400516355 1.3101604278074865 980
1762400519086 1.3235294117647058 990
1762400521814 1.3368983957219251 1000
1762400534754 1.3368983957219251 1000
1762400535688 1.3368983957219251 1000
