1762399997078 2.066460609436035 10
1762399999828 2.757446527481079 20
1762400002573 3.346254348754883 30
1762400005318 3.322887420654297 40
1762400008044 2.9939043521881104 50
1762400024038 2.8960909843444824 60
1762400026784 2.6978724002838135 70
1762400029528 2.5374820232391357 80
1762400032258 2.106233596801758 90
1762400034984 1.8123819828033447 100
1762400051469 1.9030019044876099 110
1762400054206 1.998924732208252 120
1762400056940 2.191718101501465 130
1762400059679 2.015817880630493 140
1762400062423 1.9362850189208984 150
1762400078090 1.6380161046981812 160
1762400080800 1.2139257192611694 170
1762400083547 1.8299707174301147 180
1762400086281 1.7628432512283325 190
1762400089027 2.233686685562134 200
1762400105494 1.6695289611816406 210
1762400108237 1.606742024421692 220
1762400110958 2.0396080017089844 230
1762400113684 1.386242389678955 240
1762400116403 1.4400230646133423 250
1762400132029 1.3410168886184692 260
1762400134772 1.2484450340270996 270
1762400137503 1.3435746431350708 280
1762400140248 1.5664974451065063 290
1762400142985 1.4273961782455444 300
1762400159504 1.4742850065231323 310
1762400162244 2.0204224586486816 320
1762400164981 1.160237431526184 330
1762400167724 2.003237247467041 340
1762400170447 1.4615721702575684 350
1762400186108 2.5588529109954834 360
1762400188820 1.6955108642578125 370
1762400191544 1.7496854066848755 380
1762400194270 1.2308136224746704 390
1762400196999 1.7591567039489746 400
1762400213784 2.001810073852539 410
1762400216518 1.910654902458191 420
1762400219244 2.018476724624634 430
1762400221963 2.2536733150482178 440
1762400224679 2.2676210403442383 450
1762400240318 1.6217865943908691 460
1762400243053 1.6242507696151733 470
1762400245781 2.300736665725708 480
1762400248503 1.8896596431732178 490
1762400251230 2.2068772315979004 500
1762400267757 2.121389627456665 510
1762400270503 1.8737215995788574 520
1762400273241 2.217799186706543 530
1762400275981 1.6011617183685303 540
1762400278727 2.1901605129241943 550
1762400294413 1.7123991250991821 560
1762400297156 1.2709507942199707 570
1762400299873 2.638493061065674 580
1762400302607 2.4644622802734375 590
1762400305348 1.947281002998352 600
1762400321877 2.388913154602051 610
1762400324628 2.3108184337615967 620
1762400327356 2.140211820602417 630
1762400330086 1.5816864967346191 640
1762400332826 1.9047373533248901 650
1762400348520 1.8056954145431519 660
1762400351253 2.0223653316497803 670
1762400354005 1.6164294481277466 680
1762400356747 2.779869794845581 690
1762400359486 1.7095359563827515 700
1762400376024 1.771112322807312 710
1762400378761 2.216277837753296 720
1762400381501 2.2064530849456787 730
1762400384230 1.6081454753875732 740
1762400386971 2.424269199371338 750
1762400402673 2.304189682006836 760
1762400405425 1.7085727453231812 770
1762400408150 3.6228675842285156 780
1762400410891 2.404096841812134 790
1762400413640 1.236437439918518 800
1762400430159 1.6757973432540894 810
1762400432898 3.272087574005127 820
1762400435625 2.348125696182251 830
1762400438368 1.896575927734375 840
1762400441100 2.517848014831543 850
1762400456809 1.8721590042114258 860
1762400459555 2.2655112743377686 870
1762400462285 3.3659250736236572 880
1762400465028 2.8291122913360596 890
1762400467765 1.9216526746749878 900
1762400484254 2.20668888092041 910
1762400486993 2.047328472137451 920
1762400489728 1.6208077669143677 930
1762400492454 1.674303412437439 940
1762400495198 2.2114412784576416 950
1762400510877 3.0257740020751953 960
1762400513631 1.884263515472412 970
1762400516355 1.590321660041809 980
1762400519086 2.153691291809082 990
1762400521814 1.6630364656448364 1000
