1762399997078 9.91e-06 10
1762399999828 9.810000000000001e-06 20
1762400002573 9.71e-06 30
1762400005318 9.610000000000001e-06 40
1762400008044 9.51e-06 50
1762400024038 9.41e-06 60
1762400026784 9.31e-06 70
1762400029528 9.210000000000002e-06 80
1762400032258 9.110000000000001e-06 90
1762400034984 9.01e-06 100
1762400051469 8.910000000000001e-06 110
1762400054206 8.81e-06 120
1762400056940 8.710000000000001e-06 130
1762400059679 8.61e-06 140
1762400062423 8.51e-06 150
1762400078090 8.41e-06 160
1762400080800 8.31e-06 170
1762400083547 8.210000000000001e-06 180
1762400086281 8.110000000000002e-06 190
1762400089027 8.010000000000001e-06 200
1762400105494 7.91e-06 210
1762400108237 7.810000000000001e-06 220
1762400110958 7.71e-06 230
1762400113684 7.610000000000001e-06 240
1762400116403 7.510000000000001e-06 250
1762400132029 7.41e-06 260
1762400134772 7.31e-06 270
1762400137503 7.2100000000000004e-06 280
1762400140248 7.1100000000000005e-06 290
1762400142985 7.01e-06 300
1762400159504 6.91e-06 310
1762400162244 6.810000000000001e-06 320
1762400164981 6.710000000000001e-06 330
1762400167724 6.610000000000001e-06 340
1762400170447 6.51e-06 350
1762400186108 6.4100000000000005e-06 360
1762400188820 6.3100000000000006e-06 370
1762400191544 6.210000000000001e-06 380
1762400194270 6.110000000000001e-06 390
1762400196999 6.01e-06 400
1762400213784 5.91e-06 410
1762400216518 5.81e-06 420
1762400219244 5.71e-06 430
1762400221963 5.610000000000001e-06 440
1762400224679 5.510000000000001e-06 450
1762400240318 5.410000000000001e-06 460
1762400243053 5.310000000000001e-06 470
1762400245781 5.210000000000001e-06 480
1762400248503 5.11e-06 490
1762400251230 5.01e-06 500
1762400267757 4.9100000000000004e-06 510
1762400270503 4.8100000000000005e-06 520
1762400273241 4.71e-06 530
1762400275981 4.610000000000001e-06 540
1762400278727 4.510000000000001e-06 550
1762400294413 4.41e-06 560
1762400297156 4.31e-06 570
1762400299873 4.21e-06 580
1762400302607 4.1100000000000005e-06 590
1762400305348 4.0100000000000006e-06 600
1762400321877 3.910000000000001e-06 610
1762400324628 3.8100000000000004e-06 620
1762400327356 3.7100000000000005e-06 630
1762400330086 3.61e-06 640
1762400332826 3.5100000000000003e-06 650
1762400348520 3.4100000000000004e-06 660
1762400351253 3.3100000000000005e-06 670
1762400354005 3.21e-06 680
1762400356747 3.1100000000000003e-06 690
1762400359486 3.01e-06 700
1762400376024 2.91e-06 710
1762400378761 2.8100000000000006e-06 720
1762400381501 2.7100000000000003e-06 730
1762400384230 2.6100000000000004e-06 740
1762400386971 2.51e-06 750
1762400402673 2.4100000000000002e-06 760
1762400405425 2.3100000000000003e-06 770
1762400408150 2.21e-06 780
1762400410891 2.11e-06 790
1762400413640 2.0100000000000002e-06 800
1762400430159 1.9100000000000003e-06 810
1762400432898 1.81e-06 820
1762400435625 1.7100000000000004e-06 830
1762400438368 1.6100000000000003e-06 840
1762400441100 1.5100000000000002e-06 850
1762400456809 1.41e-06 860
1762400459555 1.3100000000000002e-06 870
1762400462285 1.21e-06 880
1762400465028 1.1100000000000002e-06 890
1762400467765 1.01e-06 900
1762400484254 9.100000000000001e-07 910
1762400486993 8.100000000000001e-07 920
1762400489728 7.1e-07 930
1762400492454 6.100000000000001e-07 940
1762400495198 5.1e-07 950
1762400510877 4.1000000000000004e-07 960
1762400513631 3.1000000000000005e-07 970
1762400516355 2.1000000000000003e-07 980
1762400519086 1.1e-07 990
1762400521814 1e-08 1000
