1762399997078 5.0429 10
1762399999828 4.9318 20
1762400002573 4.7658 30
1762400005318 4.5465 40
1762400008044 4.2684 50
1762400024038 3.8094 60
1762400026784 3.5363 70
1762400029528 3.1652 80
1762400032258 2.897 90
1762400034984 2.604 100
1762400051469 2.4352 110
1762400054206 2.1907 120
1762400056940 1.9496 130
1762400059679 1.7217 140
1762400062423 1.6128 150
1762400078090 1.4145 160
1762400080800 1.2411 170
1762400083547 1.1817 180
1762400086281 1.097 190
1762400089027 1.0918 200
1762400105494 0.9603 210
1762400108237 1.0441 220
1762400110958 0.9037 230
1762400113684 0.8736 240
1762400116403 0.8531 250
1762400132029 0.792 260
1762400134772 0.8246 270
1762400137503 0.779 280
1762400140248 0.771 290
1762400142985 0.7988 300
1762400159504 0.7245 310
1762400162244 0.7596 320
1762400164981 0.7121 330
1762400167724 0.8092 340
1762400170447 0.7258 350
1762400186108 0.8239 360
1762400188820 0.7244 370
1762400191544 0.6856 380
1762400194270 0.7608 390
1762400196999 0.6738 400
1762400213784 0.7142 410
1762400216518 0.7552 420
1762400219244 0.717 430
1762400221963 0.6902 440
1762400224679 0.7353 450
1762400240318 0.7342 460
1762400243053 0.7104 470
1762400245781 0.6518 480
1762400248503 0.669 490
1762400251230 0.6446 500
1762400267757 0.6826 510
1762400270503 0.683 520
1762400273241 0.7252 530
1762400275981 0.6427 540
1762400278727 0.6373 550
1762400294413 0.6483 560
1762400297156 0.617 570
1762400299873 0.6656 580
1762400302607 0.6726 590
1762400305348 0.6771 600
1762400321877 0.6758 610
1762400324628 0.6935 620
1762400327356 0.6372 630
1762400330086 0.6671 640
1762400332826 0.6021 650
1762400348520 0.6349 660
1762400351253 0.6279 670
1762400354005 0.6501 680
1762400356747 0.6146 690
1762400359486 0.6105 700
1762400376024 0.641 710
1762400378761 0.6163 720
1762400381501 0.6062 730
1762400384230 0.6188 740
1762400386971 0.6523 750
1762400402673 0.6168 760
1762400405425 0.6182 770
1762400408150 0.6756 780
1762400410891 0.5718 790
1762400413640 0.6253 800
1762400430159 0.6177 810
1762400432898 0.6177 820
1762400435625 0.627 830
1762400438368 0.5856 840
1762400441100 0.6244 850
1762400456809 0.6329 860
1762400459555 0.6024 870
1762400462285 0.6011 880
1762400465028 0.609 890
1762400467765 0.6175 900
1762400484254 0.6746 910
1762400486993 0.6277 920
1762400489728 0.5949 930
1762400492454 0.5808 940
1762400495198 0.6694 950
1762400510877 0.602 960
1762400513631 0.6332 970
1762400516355 0.611 980
1762400519086 0.6313 990
1762400521814 0.6165 1000
