1762399997078 0.38379446864128114 10
1762399999828 0.3914806216955185 20
1762400002573 0.3952423304319382 30
1762400005318 0.41800878643989564 40
1762400008044 0.43184612691402435 50
1762400024038 0.4612488508224487 60
1762400026784 0.4792530059814453 70
1762400029528 0.5329598426818848 80
1762400032258 0.5651617109775543 90
1762400034984 0.6057413458824158 100
1762400051469 0.628375905752182 110
1762400054206 0.6694698393344879 120
1762400056940 0.7093661010265351 130
1762400059679 0.731502240896225 140
1762400062423 0.7365147531032562 150
1762400078090 0.7835257351398468 160
1762400080800 0.80761598944664 170
1762400083547 0.815738707780838 180
1762400086281 0.8278913974761963 190
1762400089027 0.8160056293010711 200
1762400105494 0.8360085010528564 210
1762400108237 0.8134051024913788 220
1762400110958 0.834017276763916 230
1762400113684 0.8327775776386261 240
1762400116403 0.8397137343883514 250
1762400132029 0.8498280227184296 260
1762400134772 0.8523168444633484 270
1762400137503 0.8595639884471893 280
1762400140248 0.8629149913787841 290
1762400142985 0.8578015267848969 300
1762400159504 0.8681116998195648 310
1762400162244 0.8632748126983643 320
1762400164981 0.8722776412963867 330
1762400167724 0.8527285039424897 340
1762400170447 0.8646600723266602 350
1762400186108 0.8519524693489074 360
1762400188820 0.8694585919380188 370
1762400191544 0.8781194806098938 380
1762400194270 0.865562641620636 390
1762400196999 0.8797278523445129 400
1762400213784 0.869959032535553 410
1762400216518 0.8670370578765869 420
1762400219244 0.8745315670967102 430
1762400221963 0.8784615695476532 440
1762400224679 0.8684885263442993 450
1762400240318 0.869342851638794 460
1762400243053 0.8718705773353577 470
1762400245781 0.8818240940570832 480
1762400248503 0.8739826798439025 490
1762400251230 0.8922473430633545 500
1762400267757 0.8742806255817414 510
1762400270503 0.8727019011974335 520
1762400273241 0.8754974424839019 530
1762400275981 0.8793375372886658 540
1762400278727 0.8801338851451874 550
1762400294413 0.886700427532196 560
1762400297156 0.8912902474403381 570
1762400299873 0.8833731114864349 580
1762400302607 0.8798841178417206 590
1762400305348 0.883035409450531 600
1762400321877 0.8773363411426545 610
1762400324628 0.8703697204589844 620
1762400327356 0.8801426947116852 630
1762400330086 0.8808086216449738 640
1762400332826 0.8892579555511475 650
1762400348520 0.8830657958984375 660
1762400351253 0.8891984224319458 670
1762400354005 0.8845208346843719 680
1762400356747 0.8902313053607941 690
1762400359486 0.8887570917606353 700
1762400376024 0.8895988821983337 710
1762400378761 0.8842452466487885 720
1762400381501 0.8855197727680206 730
1762400384230 0.8875154852867126 740
1762400386971 0.8843128144741058 750
1762400402673 0.8894877254962921 760
1762400405425 0.8892731428146362 770
1762400408150 0.8788464725017547 780
1762400410891 0.8961616337299347 790
1762400413640 0.8926629900932312 800
1762400430159 0.8841932773590088 810
1762400432898 0.882828813791275 820
1762400435625 0.8851457059383392 830
1762400438368 0.8920225918292999 840
1762400441100 0.8866674721240997 850
1762400456809 0.8826773583889007 860
1762400459555 0.8939385354518891 870
1762400462285 0.8854576408863067 880
1762400465028 0.886893755197525 890
1762400467765 0.8953949809074402 900
1762400484254 0.8769192218780517 910
1762400486993 0.8864587068557739 920
1762400489728 0.8936944544315338 930
1762400492454 0.8892771661281585 940
1762400495198 0.876284247636795 950
1762400510877 0.8888305246829986 960
1762400513631 0.881011289358139 970
1762400516355 0.8917942404747009 980
1762400519086 0.8863661706447601 990
1762400521814 0.8870620131492615 1000
