1762399997078 3723.0 10
1762399999828 7465.0 20
1762400002573 11140.0 30
1762400005318 14810.0 40
1762400008044 18361.0 50
1762400024038 22120.0 60
1762400026784 25889.0 70
1762400029528 29605.0 80
1762400032258 33224.0 90
1762400034984 36767.0 100
1762400051469 40532.0 110
1762400054206 44326.0 120
1762400056940 48079.0 130
1762400059679 51874.0 140
1762400062423 55808.0 150
1762400078090 59549.0 160
1762400080800 63289.0 170
1762400083547 67012.0 180
1762400086281 70770.0 190
1762400089027 74523.0 200
1762400105494 78118.0 210
1762400108237 82035.0 220
1762400110958 85700.0 230
1762400113684 89425.0 240
1762400116403 93129.0 250
1762400132029 96791.0 260
1762400134772 100566.0 270
1762400137503 104218.0 280
1762400140248 107928.0 290
1762400142985 111674.0 300
1762400159504 115387.0 310
1762400162244 119154.0 320
1762400164981 122780.0 330
1762400167724 126534.0 340
1762400170447 130219.0 350
1762400186108 134097.0 360
1762400188820 137765.0 370
1762400191544 141408.0 380
1762400194270 145140.0 390
1762400196999 148734.0 400
1762400213784 152468.0 410
1762400216518 156175.0 420
1762400219244 159841.0 430
1762400221963 163545.0 440
1762400224679 167307.0 450
1762400240318 171140.0 460
1762400243053 174888.0 470
1762400245781 178547.0 480
1762400248503 182324.0 490
1762400251230 185939.0 500
1762400267757 189809.0 510
1762400270503 193609.0 520
1762400273241 197339.0 530
1762400275981 201174.0 540
1762400278727 204810.0 550
1762400294413 208406.0 560
1762400297156 211963.0 570
1762400299873 215648.0 580
1762400302607 219512.0 590
1762400305348 223222.0 600
1762400321877 227036.0 610
1762400324628 230903.0 620
1762400327356 234567.0 630
1762400330086 238298.0 640
1762400332826 241963.0 650
1762400348520 245801.0 660
1762400351253 249477.0 670
1762400354005 253320.0 680
1762400356747 257123.0 690
1762400359486 260832.0 700
1762400376024 264553.0 710
1762400378761 268378.0 720
1762400381501 272058.0 730
1762400384230 275729.0 740
1762400386971 279320.0 750
1762400402673 282909.0 760
1762400405425 286619.0 770
1762400408150 290443.0 780
1762400410891 293969.0 790
1762400413640 297588.0 800
1762400430159 301415.0 810
1762400432898 305101.0 820
1762400435625 308838.0 830
1762400438368 312384.0 840
1762400441100 316174.0 850
1762400456809 320053.0 860
1762400459555 323744.0 870
1762400462285 327536.0 880
1762400465028 331356.0 890
1762400467765 334881.0 900
1762400484254 338669.0 910
1762400486993 342328.0 920
1762400489728 346136.0 930
1762400492454 349809.0 940
1762400495198 353696.0 950
1762400510877 357356.0 960
1762400513631 361233.0 970
1762400516355 364904.0 980
1762400519086 368527.0 990
1762400521814 372214.0 1000
