1762404314916 2.237397927045822 10
1762404325406 2.4497254550457 20
1762404335906 2.377602982521057 30
1762404346428 1.5377496182918549 40
1762404356973 0.9065463125705719 50
1762404380709 0.8236281797289848 60
1762404391236 0.7427683517336845 70
1762404401741 0.6859764188528061 80
1762404412256 0.6658177956938743 90
1762404422760 0.6252898409962654 100
1762404446896 0.598043306171894 110
1762404457449 0.582784966379404 120
1762404467937 0.5451608009636402 130
1762404478417 0.5657615192234516 140
1762404488943 0.532763310521841 150
1762404512354 0.5206731006503105 160
1762404522866 0.49097204953432083 170
1762404533421 0.49333484917879106 180
1762404543997 0.49443496838212014 190
1762404554517 0.46856641992926595 200
1762404578672 0.4323976173996925 210
1762404589211 0.36772979274392126 220
1762404599734 0.36275584138929845 230
1762404610281 0.35478410795331 240
1762404620806 0.35164275467395784 250
1762404644190 0.35598679482936857 260
1762404654724 0.34172651283442973 270
1762404665293 0.33193967714905737 280
1762404675777 0.3336184173822403 290
1762404686294 0.30274862982332706 300
1762404710522 0.3341036893427372 310
1762404721076 0.31012431234121324 320
1762404731620 0.30202992968261244 330
1762404742152 0.2981690216809511 340
1762404752658 0.30672144182026384 350
1762404776083 0.2972775850445032 360
1762404786584 0.28607573844492434 370
1762404797113 0.3105955418199301 380
1762404807659 0.320486081764102 390
1762404818176 0.2924162298440933 400
1762404842412 0.28886907510459425 410
1762404852912 0.29711940996348857 420
1762404863423 0.2874462068080902 430
1762404873944 0.28600230626761913 440
1762404884446 0.27505829483270644 450
1762404907854 0.281268135458231 460
1762404918348 0.2771521031856537 470
1762404928829 0.2780799437314272 480
1762404939299 0.29220815412700174 490
1762404949777 0.2978911016136408 500
1762404973988 0.27684130147099495 510
1762404984469 0.2733556926250458 520
1762404994988 0.2585694693028927 530
1762405005487 0.26943499147891997 540
1762405016038 0.2812284629791975 550
1762405039403 0.2692749544978142 560
1762405049943 0.2510429218411446 570
1762405060445 0.26944856680929663 580
1762405070977 0.2500504031777382 590
1762405081496 0.2637292679399252 600
1762405105750 0.2654436629265547 610
1762405116286 0.2512834258377552 620
1762405126818 0.2597409784793854 630
1762405137344 0.25519495978951456 640
1762405147841 0.2441833268851042 650
1762405171242 0.2402174614369869 660
1762405181738 0.2613805394619703 670
1762405192210 0.26235317178070544 680
1762405202695 0.2465311024338007 690
1762405213228 0.2556019932031631 700
1762405237468 0.2585764180868864 710
1762405247963 0.24297770187258722 720
1762405258437 0.2616848263889551 730
1762405268958 0.24883919209241867 740
1762405279492 0.2516380328685045 750
1762405302946 0.24504379667341708 760
1762405313458 0.2538590919226408 770
1762405323956 0.23350711688399314 780
1762405334497 0.23943902552127838 790
1762405344985 0.24694894701242448 800
1762405369236 0.23119945749640464 810
1762405379723 0.23111169561743736 820
1762405390273 0.2392597023397684 830
1762405400791 0.2274060368537903 840
1762405411324 0.2211813423782587 850
1762405434677 0.23341156579554082 860
1762405445184 0.23189216181635858 870
1762405455718 0.2383125379681587 880
1762405466214 0.22700270265340805 890
1762405476723 0.2507107052952051 900
1762405500953 0.24059995748102664 910
1762405511409 0.23584735728800296 920
1762405521917 0.22881247624754905 930
1762405532398 0.23992803916335106 940
1762405542900 0.2323091819882393 950
1762405566298 0.22429783120751381 960
1762405576831 0.22084534354507923 970
1762405587343 0.22848048470914364 980
1762405597864 0.21660772934556008 990
1762405608416 0.22689240835607052 1000
1762405632679 0.21994228549301625 1010
1762405643206 0.21771413646638393 1020
1762405653705 0.2335172262042761 1030
1762405664218 0.2266709700226784 1040
1762405674739 0.2285549696534872 1050
1762405698131 0.2272656712681055 1060
1762405708637 0.21832512617111205 1070
1762405719151 0.22624043226242066 1080
1762405729651 0.22443380542099475 1090
1762405740177 0.21779939532279968 1100
1762405764414 0.2200461972504854 1110
1762405774938 0.21788268759846688 1120
1762405785442 0.21416524052619934 1130
1762405795919 0.2155656147748232 1140
1762405806416 0.21174184717237948 1150
1762405829852 0.22343390472233296 1160
1762405840411 0.22279758378863335 1170
1762405850928 0.21193084456026554 1180
1762405861445 0.20842128470540047 1190
1762405871931 0.20569593720138074 1200
1762405896097 0.22169531881809235 1210
1762405906636 0.22072444669902325 1220
1762405917125 0.2082440547645092 1230
1762405927639 0.21149726286530496 1240
1762405938160 0.21983925588428974 1250
1762405961574 0.21808456629514694 1260
1762405972098 0.21188025809824468 1270
1762405982643 0.21655011922121048 1280
1762405993188 0.212521094083786 1290
1762406003767 0.20952228605747222 1300
1762406027968 0.20874668546020986 1310
1762406038493 0.2031212244182825 1320
1762406049010 0.20754749104380607 1330
1762406059562 0.20851524062454702 1340
1762406070111 0.20767966732382775 1350
1762406093527 0.21039929762482643 1360
1762406104055 0.20988566614687443 1370
1762406114575 0.20300286076962948 1380
1762406125074 0.20477905198931695 1390
1762406135586 0.2054789789021015 1400
1762406159793 0.20907327868044376 1410
1762406170523 0.21021038964390754 1420
1762406181096 0.20210234969854354 1430
1762406191655 0.20191121138632298 1440
1762406202210 0.2072351213544607 1450
1762406225678 0.21038800589740275 1460
1762406236243 0.20686217918992042 1470
1762406246796 0.2084578026086092 1480
1762406257340 0.2086464062333107 1490
1762406267917 0.21506784185767175 1500
1762406292154 0.20744433030486106 1510
1762406302667 0.20359879396855832 1520
1762406313177 0.19852751418948172 1530
1762406323697 0.20432393811643124 1540
1762406334244 0.20377655178308487 1550
1762406357695 0.2005015727132559 1560
1762406368243 0.2022778332233429 1570
1762406378784 0.1983276128768921 1580
1762406389329 0.20284244269132615 1590
1762406399849 0.2063643906265497 1600
1762406424099 0.201514083892107 1610
1762406434637 0.1960095539689064 1620
1762406445168 0.21078811548650264 1630
1762406455719 0.20221476070582867 1640
1762406466245 0.20352484919130803 1650
1762406489660 0.1941486530005932 1660
1762406500184 0.20574965439736842 1670
1762406510744 0.20166208036243916 1680
1762406521261 0.20135644935071467 1690
1762406531763 0.20407081991434098 1700
1762406556001 0.2002802286297083 1710
1762406566530 0.20148108266294001 1720
1762406577068 0.20002252385020255 1730
1762406587614 0.20833323039114476 1740
1762406598177 0.2072400026023388 1750
1762406621673 0.19580351673066615 1760
1762406632189 0.20096889957785607 1770
1762406642733 0.20105225518345832 1780
1762406653247 0.1984082479029894 1790
1762406663802 0.20516022183001043 1800
1762406688083 0.19887869469821454 1810
1762406698625 0.20500044226646424 1820
1762406709167 0.2010603092610836 1830
1762406719707 0.19979076869785786 1840
1762406730232 0.20459978394210337 1850
1762406753696 0.1992671024054289 1860
1762406764225 0.2077593345195055 1870
