1762404314916 0.053475935828877004 10
1762404325406 0.10695187165775401 20
1762404335906 0.16042780748663102 30
1762404346428 0.21390374331550802 40
1762404356973 0.26737967914438504 50
1762404370181 0.26737967914438504 50
1762404380709 0.32085561497326204 60
1762404391236 0.37433155080213903 70
1762404401741 0.42780748663101603 80
1762404412256 0.48128342245989303 90
1762404422760 0.5347593582887701 100
1762404435614 0.5347593582887701 100
1762404446896 0.5882352941176471 110
1762404457449 0.6417112299465241 120
1762404467937 0.6951871657754011 130
1762404478417 0.7486631016042781 140
1762404488943 0.8021390374331551 150
1762404501838 0.8021390374331551 150
1762404512354 0.8556149732620321 160
1762404522866 0.9090909090909091 170
1762404533421 0.9625668449197861 180
1762404543997 1.0160427807486632 190
1762404554517 1.0695187165775402 200
1762404567371 1.0695187165775402 200
1762404578672 1.1229946524064172 210
1762404589211 1.1764705882352942 220
1762404599734 1.2299465240641712 230
1762404610281 1.2834224598930482 240
1762404620806 1.3368983957219251 250
1762404633694 1.3368983957219251 250
1762404644190 1.3903743315508021 260
1762404654724 1.4438502673796791 270
1762404665293 1.4973262032085561 280
1762404675777 1.5508021390374331 290
1762404686294 1.6042780748663101 300
1762404699184 1.6042780748663101 300
1762404710522 1.6577540106951871 310
1762404721076 1.7112299465240641 320
1762404731620 1.7647058823529411 330
1762404742152 1.8181818181818183 340
1762404752658 1.8716577540106951 350
1762404765561 1.8716577540106951 350
1762404776083 1.9251336898395723 360
1762404786584 1.9786096256684491 370
1762404797113 2.0320855614973263 380
1762404807659 2.085561497326203 390
1762404818176 2.1390374331550803 400
1762404831067 2.1390374331550803 400
1762404842412 2.192513368983957 410
1762404852912 2.2459893048128343 420
1762404863423 2.299465240641711 430
1762404873944 2.3529411764705883 440
1762404884446 2.406417112299465 450
1762404897334 2.406417112299465 450
1762404907854 2.4598930481283423 460
1762404918348 2.5133689839572195 470
1762404928829 2.5668449197860963 480
1762404939299 2.620320855614973 490
1762404949777 2.6737967914438503 500
1762404962650 2.6737967914438503 500
1762404973988 2.7272727272727275 510
1762404984469 2.7807486631016043 520
1762404994988 2.834224598930481 530
1762405005487 2.8877005347593583 540
1762405016038 2.9411764705882355 550
1762405028890 2.9411764705882355 550
1762405039403 2.9946524064171123 560
1762405049943 3.0481283422459895 570
1762405060445 3.1016042780748663 580
1762405070977 3.1550802139037435 590
1762405081496 3.2085561497326203 600
1762405094363 3.2085561497326203 600
1762405105750 3.2620320855614975 610
1762405116286 3.3155080213903743 620
1762405126818 3.3689839572192515 630
1762405137344 3.4224598930481283 640
1762405147841 3.4759358288770055 650
1762405160705 3.4759358288770055 650
1762405171242 3.5294117647058822 660
1762405181738 3.5828877005347595 670
1762405192210 3.6363636363636362 680
1762405202695 3.6898395721925135 690
1762405213228 3.7433155080213902 700
1762405226137 3.7433155080213902 700
1762405237468 3.7967914438502675 710
1762405247963 3.8502673796791442 720
1762405258437 3.9037433155080214 730
1762405268958 3.9572192513368982 740
1762405279492 4.010695187165775 750
1762405292423 4.010695187165775 750
1762405302946 4.064171122994653 760
1762405313458 4.117647058823529 770
1762405323956 4.171122994652406 780
1762405334497 4.224598930481283 790
1762405344985 4.278074866310161 800
1762405357922 4.278074866310161 800
1762405369236 4.331550802139038 810
1762405379723 4.385026737967914 820
1762405390273 4.438502673796791 830
1762405400791 4.491978609625669 840
1762405411324 4.545454545454545 850
1762405424206 4.545454545454545 850
1762405434677 4.598930481283422 860
1762405445184 4.652406417112299 870
1762405455718 4.705882352941177 880
1762405466214 4.759358288770054 890
1762405476723 4.81283422459893 900
1762405489596 4.81283422459893 900
1762405500953 4.866310160427807 910
1762405511409 4.919786096256685 920
1762405521917 4.973262032085562 930
1762405532398 5.026737967914438 940
1762405542900 5.080213903743315 950
1762405555770 5.080213903743315 950
1762405566298 5.133689839572193 960
1762405576831 5.18716577540107 970
1762405587343 5.240641711229946 980
1762405597864 5.294117647058823 990
1762405608416 5.347593582887701 1000
1762405621316 5.347593582887701 1000
1762405632679 5.401069518716578 1010
1762405643206 5.454545454545454 1020
1762405653705 5.508021390374331 1030
1762405664218 5.561497326203209 1040
1762405674739 5.614973262032086 1050
1762405687610 5.614973262032086 1050
1762405698131 5.668449197860962 1060
1762405708637 5.721925133689839 1070
1762405719151 5.775401069518717 1080
1762405729651 5.828877005347594 1090
1762405740177 5.882352941176471 1100
1762405753076 5.882352941176471 1100
1762405764414 5.935828877005347 1110
1762405774938 5.989304812834225 1120
1762405785442 6.042780748663102 1130
1762405795919 6.096256684491979 1140
1762405806416 6.149732620320855 1150
1762405819321 6.149732620320855 1150
1762405829852 6.2032085561497325 1160
1762405840411 6.25668449197861 1170
1762405850928 6.310160427807487 1180
1762405861445 6.363636363636363 1190
1762405871931 6.4171122994652405 1200
1762405884799 6.4171122994652405 1200
1762405896097 6.470588235294118 1210
1762405906636 6.524064171122995 1220
1762405917125 6.577540106951871 1230
1762405927639 6.6310160427807485 1240
1762405938160 6.684491978609626 1250
1762405951043 6.684491978609626 1250
1762405961574 6.737967914438503 1260
1762405972098 6.791443850267379 1270
1762405982643 6.8449197860962565 1280
1762405993188 6.898395721925134 1290
1762406003767 6.951871657754011 1300
1762406016672 6.951871657754011 1300
1762406027968 7.005347593582887 1310
1762406038493 7.0588235294117645 1320
1762406049010 7.112299465240642 1330
1762406059562 7.165775401069519 1340
1762406070111 7.219251336898395 1350
1762406083030 7.219251336898395 1350
1762406093527 7.2727272727272725 1360
1762406104055 7.32620320855615 1370
1762406114575 7.379679144385027 1380
1762406125074 7.433155080213904 1390
1762406135586 7.4866310160427805 1400
1762406148475 7.4866310160427805 1400
1762406159793 7.540106951871658 1410
1762406170523 7.593582887700535 1420
1762406181096 7.647058823529412 1430
1762406191655 7.7005347593582885 1440
1762406202210 7.754010695187166 1450
1762406215139 7.754010695187166 1450
1762406225678 7.807486631016043 1460
1762406236243 7.86096256684492 1470
1762406246796 7.9144385026737964 1480
1762406257340 7.967914438502674 1490
1762406267917 8.02139037433155 1500
1762406280797 8.02139037433155 1500
1762406292154 8.074866310160427 1510
1762406302667 8.128342245989305 1520
1762406313177 8.181818181818182 1530
1762406323697 8.235294117647058 1540
1762406334244 8.288770053475936 1550
1762406347128 8.288770053475936 1550
1762406357695 8.342245989304812 1560
1762406368243 8.39572192513369 1570
1762406378784 8.449197860962567 1580
1762406389329 8.502673796791443 1590
1762406399849 8.556149732620321 1600
1762406412747 8.556149732620321 1600
1762406424099 8.609625668449198 1610
1762406434637 8.663101604278076 1620
1762406445168 8.716577540106952 1630
1762406455719 8.770053475935828 1640
1762406466245 8.823529411764707 1650
1762406479139 8.823529411764707 1650
1762406489660 8.877005347593583 1660
1762406500184 8.93048128342246 1670
1762406510744 8.983957219251337 1680
1762406521261 9.037433155080214 1690
1762406531763 9.090909090909092 1700
1762406544637 9.090909090909092 1700
1762406556001 9.144385026737968 1710
1762406566530 9.197860962566844 1720
1762406577068 9.251336898395722 1730
1762406587614 9.304812834224599 1740
1762406598177 9.358288770053475 1750
1762406611105 9.358288770053475 1750
1762406621673 9.411764705882353 1760
1762406632189 9.46524064171123 1770
1762406642733 9.518716577540108 1780
1762406653247 9.572192513368984 1790
1762406663802 9.62566844919786 1800
1762406676743 9.62566844919786 1800
1762406688083 9.679144385026738 1810
1762406698625 9.732620320855615 1820
1762406709167 9.786096256684491 1830
1762406719707 9.83957219251337 1840
1762406730232 9.893048128342246 1850
1762406743141 9.893048128342246 1850
1762406753696 9.946524064171124 1860
1762406764225 10.0 1870
1762406765067 10.0 1870
