1762404314916 2.741471529006958 10
1762404325406 1.9507942199707031 20
1762404335906 1.6530163288116455 30
1762404346428 1.3870757818222046 40
1762404356973 1.0087649822235107 50
1762404380709 0.6898159384727478 60
1762404391236 0.6594576835632324 70
1762404401741 0.6849827170372009 80
1762404412256 1.0868308544158936 90
1762404422760 0.7727209329605103 100
1762404446896 0.8448548913002014 110
1762404457449 0.6489760279655457 120
1762404467937 0.9328536987304688 130
1762404478417 0.675896167755127 140
1762404488943 0.9352006912231445 150
1762404512354 1.3599969148635864 160
1762404522866 1.1513968706130981 170
1762404533421 1.5420852899551392 180
1762404543997 2.4535672664642334 190
1762404554517 1.3440117835998535 200
1762404578672 0.624712347984314 210
1762404589211 0.9382222294807434 220
1762404599734 1.2185781002044678 230
1762404610281 0.9213497042655945 240
1762404620806 0.8503513932228088 250
1762404644190 0.8644232749938965 260
1762404654724 0.6283038258552551 270
1762404665293 0.8791070580482483 280
1762404675777 0.6758225560188293 290
1762404686294 0.8756521344184875 300
1762404710522 0.8789770603179932 310
1762404721076 0.6923025250434875 320
1762404731620 0.7485509514808655 330
1762404742152 0.9856444001197815 340
1762404752658 1.1709128618240356 350
1762404776083 0.5858778953552246 360
1762404786584 0.6659649014472961 370
1762404797113 0.9772526621818542 380
1762404807659 0.7758203744888306 390
1762404818176 0.7725449800491333 400
1762404842412 0.7153967022895813 410
1762404852912 0.5659149885177612 420
1762404863423 0.5054323077201843 430
1762404873944 0.6444787383079529 440
1762404884446 0.6757219433784485 450
1762404907854 0.9279056787490845 460
1762404918348 0.7396444082260132 470
1762404928829 0.8724698424339294 480
1762404939299 0.6175623536109924 490
1762404949777 0.6376791596412659 500
1762404973988 0.517354428768158 510
1762404984469 0.9150000214576721 520
1762404994988 0.6551274061203003 530
1762405005487 0.605160653591156 540
1762405016038 0.6529933214187622 550
1762405039403 0.716833770275116 560
1762405049943 0.6038219928741455 570
1762405060445 0.7436539530754089 580
1762405070977 0.6627581119537354 590
1762405081496 0.6757471561431885 600
1762405105750 0.821108877658844 610
1762405116286 0.7059729099273682 620
1762405126818 0.596261739730835 630
1762405137344 0.597584068775177 640
1762405147841 0.4750552475452423 650
1762405171242 0.604087233543396 660
1762405181738 0.6017436981201172 670
1762405192210 0.46494367718696594 680
1762405202695 0.7342206835746765 690
1762405213228 1.4419525861740112 700
1762405237468 0.6284564137458801 710
1762405247963 0.4840660095214844 720
1762405258437 0.5898520350456238 730
1762405268958 0.9425739049911499 740
1762405279492 0.8747211694717407 750
1762405302946 0.6327903866767883 760
1762405313458 0.5926587581634521 770
1762405323956 0.6364328861236572 780
1762405334497 0.6328975558280945 790
1762405344985 0.596818745136261 800
1762405369236 0.7035852670669556 810
1762405379723 1.0135160684585571 820
1762405390273 0.7153341770172119 830
1762405400791 0.6116303205490112 840
1762405411324 0.5775738954544067 850
1762405434677 0.5367937684059143 860
1762405445184 0.5045412182807922 870
1762405455718 0.536536455154419 880
1762405466214 0.470367431640625 890
1762405476723 0.5997509360313416 900
1762405500953 0.9518750905990601 910
1762405511409 0.7783164381980896 920
1762405521917 0.7831094264984131 930
1762405532398 0.691996693611145 940
1762405542900 0.64508455991745 950
1762405566298 0.8293668031692505 960
1762405576831 0.6152816414833069 970
1762405587343 0.6414793133735657 980
1762405597864 0.6446865200996399 990
1762405608416 0.7431216239929199 1000
1762405632679 0.5899528861045837 1010
1762405643206 0.8121727705001831 1020
1762405653705 0.6610267758369446 1030
1762405664218 0.7207834720611572 1040
1762405674739 0.6768586039543152 1050
1762405698131 0.7552779316902161 1060
1762405708637 0.9374196529388428 1070
1762405719151 0.77442866563797 1080
1762405729651 0.6008493304252625 1090
1762405740177 0.6278420090675354 1100
1762405764414 0.8390350341796875 1110
1762405774938 0.6212900876998901 1120
1762405785442 0.4619821012020111 1130
1762405795919 0.6904603838920593 1140
1762405806416 0.552117645740509 1150
1762405829852 0.7800963521003723 1160
1762405840411 0.8077405095100403 1170
1762405850928 0.7360680103302002 1180
1762405861445 0.7739591002464294 1190
1762405871931 0.6183924674987793 1200
1762405896097 0.8521389961242676 1210
1762405906636 0.666973888874054 1220
1762405917125 0.6668487787246704 1230
1762405927639 0.6010569930076599 1240
1762405938160 0.6950180530548096 1250
1762405961574 0.7114563584327698 1260
1762405972098 0.7385730743408203 1270
1762405982643 0.7286880016326904 1280
1762405993188 0.6843054294586182 1290
1762406003767 0.7947915196418762 1300
1762406027968 0.6133607625961304 1310
1762406038493 0.6604132056236267 1320
1762406049010 0.5799403190612793 1330
1762406059562 0.7379361391067505 1340
1762406070111 0.6302586793899536 1350
1762406093527 0.816781222820282 1360
1762406104055 0.7858387231826782 1370
1762406114575 0.8780747652053833 1380
1762406125074 0.7454602718353271 1390
1762406135586 0.6526731848716736 1400
1762406159793 0.8566610813140869 1410
1762406170523 0.7145790457725525 1420
1762406181096 0.5797621011734009 1430
1762406191655 0.8834416270256042 1440
1762406202210 0.9277535676956177 1450
1762406225678 0.8325158357620239 1460
1762406236243 0.9086434245109558 1470
1762406246796 0.767643392086029 1480
1762406257340 0.667910099029541 1490
1762406267917 0.6092360615730286 1500
1762406292154 0.6071904301643372 1510
1762406302667 0.7081916332244873 1520
1762406313177 0.6787452101707458 1530
1762406323697 0.7159040570259094 1540
1762406334244 0.6554266810417175 1550
1762406357695 0.8524361252784729 1560
1762406368243 0.6963405609130859 1570
1762406378784 0.6037902235984802 1580
1762406389329 0.8010889291763306 1590
1762406399849 0.7134017944335938 1600
1762406424099 0.7898029088973999 1610
1762406434637 0.6421354413032532 1620
1762406445168 0.7738213539123535 1630
1762406455719 0.872370719909668 1640
1762406466245 0.7006552815437317 1650
1762406489660 0.7117152810096741 1660
1762406500184 0.6615329384803772 1670
1762406510744 0.6452189683914185 1680
1762406521261 0.6571753621101379 1690
1762406531763 0.6619229316711426 1700
1762406556001 0.6907934546470642 1710
1762406566530 0.7108393311500549 1720
1762406577068 0.8509688377380371 1730
1762406587614 0.7312487959861755 1740
1762406598177 0.6171047687530518 1750
1762406621673 0.5801935195922852 1760
1762406632189 0.6713399887084961 1770
1762406642733 0.6568649411201477 1780
1762406653247 0.6554214358329773 1790
1762406663802 0.7755589485168457 1800
1762406688083 0.6665785312652588 1810
1762406698625 0.7489704489707947 1820
1762406709167 0.6482934355735779 1830
1762406719707 0.6276199221611023 1840
1762406730232 0.7174012660980225 1850
1762406753696 0.7450665235519409 1860
1762406764225 0.7831260561943054 1870
