1762404314916 4.999714238780626e-05 10
1762404325406 4.9987265060902834e-05 20
1762404335906 4.997033552716116e-05 30
1762404346428 4.9946358564638104e-05 40
1762404356973 4.991534094040077e-05 50
1762404380709 4.987729140861657e-05 60
1762404391236 4.983222070808255e-05 70
1762404401741 4.978014155919455e-05 80
1762404412256 4.9721068660357104e-05 90
1762404422760 4.965501868383506e-05 100
1762404446896 4.958201027104817e-05 110
1762404457449 4.9502064027309836e-05 120
1762404467937 4.9415202516011665e-05 130
1762404478417 4.932145025225535e-05 140
1762404488943 4.922083369593372e-05 150
1762404512354 4.9113381244262914e-05 160
1762404522866 4.899912322376776e-05 170
1762404533421 4.887809188172268e-05 180
1762404543997 4.8750321377050466e-05 190
1762404554517 4.8615847770681545e-05 200
1762404578672 4.8474709015376416e-05 210
1762404589211 4.832694494501417e-05 220
1762404599734 4.81725972633501e-05 230
1762404610281 4.8011709532245544e-05 240
1762404620806 4.784432715937336e-05 250
1762404644190 4.767049738540243e-05 260
1762404654724 4.749026927066479e-05 270
1762404665293 4.730369368130925e-05 280
1762404675777 4.711082327494536e-05 290
1762404686294 4.6911712485781716e-05 300
1762404710522 4.6706417509262903e-05 310
1762404721076 4.649499628620931e-05 320
1762404731620 4.6277508486464426e-05 330
1762404742152 4.6054015492054034e-05 340
1762404752658 4.58245803798623e-05 350
1762404776083 4.5589267903829404e-05 360
1762404786584 4.5348144476675917e-05 370
1762404797113 4.5101278151159034e-05 380
1762404807659 4.484873860086586e-05 390
1762404818176 4.459059710054933e-05 400
1762404842412 4.4326926506012145e-05 410
1762404852912 4.4057801233544595e-05 420
1762404863423 4.378329723892184e-05 430
1762404873944 4.350349199596676e-05 440
1762404884446 4.321846447468441e-05 450
1762404907854 4.292829511897409e-05 460
1762404918348 4.263306582392556e-05 470
1762404928829 4.233285991270555e-05 480
1762404939299 4.202776211304138e-05 490
1762404949777 4.1717858533308e-05 500
1762404973988 4.14032366382255e-05 510
1762404984469 4.108398522417373e-05 520
1762404994988 4.076019439413113e-05 530
1762405005487 4.0431955532244827e-05 540
1762405016038 4.0099361278038996e-05 550
1762405039403 3.9762505500269115e-05 560
1762405049943 3.942148327042915e-05 570
1762405060445 3.907639083591934e-05 580
1762405070977 3.8727325592882114e-05 590
1762405081496 3.837438605871375e-05 600
1762405105750 3.8017671844259606e-05 610
1762405116286 3.76572836257008e-05 620
1762405126818 3.72933231161401e-05 630
1762405137344 3.692589303689528e-05 640
1762405147841 3.655509708850783e-05 650
1762405171242 3.618103992147539e-05 660
1762405181738 3.580382710671596e-05 670
1762405192210 3.542356510577246e-05 680
1762405202695 3.504036124076586e-05 690
1762405213228 3.465432366410543e-05 700
1762405237468 3.4265561327964645e-05 710
1762405247963 3.387418395353144e-05 720
1762405258437 3.348030200004131e-05 730
1762405268958 3.308402663360226e-05 740
1762405279492 3.268546969582008e-05 750
1762405302946 3.228474367223312e-05 760
1762405313458 3.188196166056522e-05 770
1762405323956 3.1477237338805974e-05 780
1762405334497 3.1070684933127074e-05 790
1762405344985 3.0662419185644115e-05 800
1762405369236 3.0252555322032605e-05 810
1762405379723 2.984120901900765e-05 820
1762405390273 2.9428496371676272e-05 830
1762405400791 2.9014533860771613e-05 840
1762405411324 2.859943831977837e-05 850
1762405434677 2.8183326901958652e-05 860
1762405445184 2.776631704728752e-05 870
1762405455718 2.7348526449307755e-05 880
1762405466214 2.6930073021912876e-05 890
1762405476723 2.6511074866068102e-05 900
1762405500953 2.609165023647851e-05 910
1762405511409 2.5671917508213687e-05 920
1762405521917 2.525199514329858e-05 930
1762405532398 2.4832001657279635e-05 940
1762405542900 2.4412055585775995e-05 950
1762405566298 2.399227545102486e-05 960
1762405576831 2.35727797284308e-05 970
1762405587343 2.3153686813128153e-05 980
1762405597864 2.2735114986566118e-05 990
1762405608416 2.2317182383125973e-05 1000
1762405632679 2.190000695677973e-05 1010
1762405643206 2.1483706447799775e-05 1020
1762405653705 2.106839834952879e-05 1030
1762405664218 2.065419987521933e-05 1040
1762405674739 2.0241227924952547e-05 1050
1762405698131 1.982959905264517e-05 1060
1762405708637 1.9419429433154318e-05 1070
1762405719151 1.9010834829489205e-05 1080
1762405729651 1.860393056013911e-05 1090
1762405740177 1.8198831466526815e-05 1100
1762405764414 1.7795651880596644e-05 1110
1762405774938 1.7394505592546372e-05 1120
1762405785442 1.6995505818711947e-05 1130
1762405795919 1.6598765169614243e-05 1140
1762405806416 1.6204395618176747e-05 1150
1762405829852 1.5812508468123177e-05 1160
1762405840411 1.5423214322564085e-05 1170
1762405850928 1.5036623052781041e-05 1180
1762405861445 1.4652843767217472e-05 1190
1762405871931 1.4271984780684778e-05 1200
1762405896097 1.3894153583792366e-05 1210
1762405906636 1.3519456812610416e-05 1220
1762405917125 1.3148000218573725e-05 1230
1762405927639 1.277988863863528e-05 1240
1762405938160 1.2415225965677929e-05 1250
1762405961574 1.2054115119192438e-05 1260
1762405972098 1.1696658016230342e-05 1270
1762405982643 1.1342955542639682e-05 1280
1762405993188 1.0993107524591777e-05 1290
1762406003767 1.0647212700407114e-05 1300
1762406027968 1.0305368692688174e-05 1310
1762406038493 9.96767198076725e-06 1320
1762406049010 9.634217873476872e-06 1330
1762406059562 9.305100482250595e-06 1340
1762406070111 8.980412694561766e-06 1350
1762406093527 8.660246147707657e-06 1360
1762406104055 8.34469120294652e-06 1370
1762406114575 8.033836919994725e-06 1380
1762406125074 7.727771031891263e-06 1390
1762406135586 7.426579920236684e-06 1400
1762406159793 7.1303485908134096e-06 1410
1762406170523 6.839160649594401e-06 1420
1762406181096 6.553098279146869e-06 1430
1762406191655 6.2722422154377096e-06 1440
1762406202210 5.996671725047271e-06 1450
1762406225678 5.726464582797711e-06 1460
1762406236243 5.461697049802511e-06 1470
1762406246796 5.202443851943126e-06 1480
1762406257340 4.948778158778933e-06 1490
1762406267917 4.7007715628964725e-06 1500
1762406292154 4.458494059703686e-06 1510
1762406302667 4.222014027674992e-06 1520
1762406313177 3.991398209052686e-06 1530
1762406323697 3.766711691010133e-06 1540
1762406334244 3.548017887282107e-06 1550
1762406357695 3.3353785202673654e-06 1560
1762406368243 3.128853603608639e-06 1570
1762406378784 2.928501425254848e-06 1580
1762406389329 2.734378531010373e-06 1590
1762406399849 2.5465397085760346e-06 1600
1762406424099 2.3650379720862202e-06 1610
1762406434637 2.1899245471466186e-06 1620
1762406445168 2.021248856376706e-06 1630
1762406455719 1.859058505461095e-06 1640
1762406466245 1.703399269713693e-06 1650
1762406489660 1.5543150811584388e-06 1660
1762406500184 1.4118480161302767e-06 1670
1762406510744 1.2760382833998608e-06 1680
1762406521261 1.1469242128253622e-06 1690
1762406531763 1.0245422445345515e-06 1700
1762406556001 9.089269186402238e-07 1710
1762406566530 8.001108654918793e-07 1720
1762406577068 6.98124796466379e-07 1730
1762406587614 6.029974953002227e-07 1740
1762406598177 5.147558099658529e-07 1750
1762406621673 4.334246450943019e-07 1760
1762406632189 3.5902695494629824e-07 1770
1762406642733 2.915837369338342e-07 1780
1762406653247 2.3111402569404305e-07 1790
1762406663802 1.7763488771699312e-07 1800
1762406688083 1.311614165289965e-07 1810
1762406698625 9.170672843271666e-08 1820
1762406709167 5.9281958805335045e-08 1830
1762406719707 3.3896258955787297e-08 1840
1762406730232 1.555679354198203e-08 1850
1762406753696 4.268738548682261e-09 1860
1762406764225 3.527982670170627e-11 1870
