1762404314916 4.7435 10
1762404325406 3.5402 20
1762404335906 2.5146 30
1762404346428 1.675 40
1762404356973 1.0744 50
1762404380709 0.8424 60
1762404391236 0.7496 70
1762404401741 0.6963 80
1762404412256 0.6751 90
1762404422760 0.619 100
1762404446896 0.594 110
1762404457449 0.5828 120
1762404467937 0.5486 130
1762404478417 0.5444 140
1762404488943 0.5223 150
1762404512354 0.4916 160
1762404522866 0.4669 170
1762404533421 0.441 180
1762404543997 0.418 190
1762404554517 0.3889 200
1762404578672 0.3525 210
1762404589211 0.3395 220
1762404599734 0.3319 230
1762404610281 0.3353 240
1762404620806 0.3374 250
1762404644190 0.3223 260
1762404654724 0.3129 270
1762404665293 0.3212 280
1762404675777 0.3184 290
1762404686294 0.2893 300
1762404710522 0.3052 310
1762404721076 0.2898 320
1762404731620 0.2888 330
1762404742152 0.2711 340
1762404752658 0.2974 350
1762404776083 0.2755 360
1762404786584 0.2797 370
1762404797113 0.2852 380
1762404807659 0.2956 390
1762404818176 0.272 400
1762404842412 0.2744 410
1762404852912 0.2705 420
1762404863423 0.2617 430
1762404873944 0.2776 440
1762404884446 0.2504 450
1762404907854 0.2714 460
1762404918348 0.2565 470
1762404928829 0.2693 480
1762404939299 0.2671 490
1762404949777 0.2795 500
1762404973988 0.2552 510
1762404984469 0.2557 520
1762404994988 0.2442 530
1762405005487 0.2538 540
1762405016038 0.2516 550
1762405039403 0.2574 560
1762405049943 0.2316 570
1762405060445 0.2448 580
1762405070977 0.23 590
1762405081496 0.2471 600
1762405105750 0.2426 610
1762405116286 0.2419 620
1762405126818 0.2471 630
1762405137344 0.229 640
1762405147841 0.2247 650
1762405171242 0.239 660
1762405181738 0.2555 670
1762405192210 0.2238 680
1762405202695 0.2363 690
1762405213228 0.245 700
1762405237468 0.2282 710
1762405247963 0.2413 720
1762405258437 0.2436 730
1762405268958 0.2342 740
1762405279492 0.2314 750
1762405302946 0.229 760
1762405313458 0.2262 770
1762405323956 0.2184 780
1762405334497 0.2249 790
1762405344985 0.221 800
1762405369236 0.2126 810
1762405379723 0.2245 820
1762405390273 0.2138 830
1762405400791 0.2106 840
1762405411324 0.2113 850
1762405434677 0.2223 860
1762405445184 0.2148 870
1762405455718 0.2217 880
1762405466214 0.2257 890
1762405476723 0.2279 900
1762405500953 0.2184 910
1762405511409 0.2223 920
1762405521917 0.2113 930
1762405532398 0.2214 940
1762405542900 0.2061 950
1762405566298 0.2137 960
1762405576831 0.2076 970
1762405587343 0.1937 980
1762405597864 0.2043 990
1762405608416 0.2045 1000
1762405632679 0.2037 1010
1762405643206 0.1999 1020
1762405653705 0.2156 1030
1762405664218 0.2103 1040
1762405674739 0.2041 1050
1762405698131 0.2091 1060
1762405708637 0.201 1070
1762405719151 0.209 1080
1762405729651 0.204 1090
1762405740177 0.2045 1100
1762405764414 0.2044 1110
1762405774938 0.2066 1120
1762405785442 0.1942 1130
1762405795919 0.1937 1140
1762405806416 0.1944 1150
1762405829852 0.2056 1160
1762405840411 0.1913 1170
1762405850928 0.1925 1180
1762405861445 0.1951 1190
1762405871931 0.1891 1200
1762405896097 0.1966 1210
1762405906636 0.2004 1220
1762405917125 0.1926 1230
1762405927639 0.1887 1240
1762405938160 0.1976 1250
1762405961574 0.2002 1260
1762405972098 0.1965 1270
1762405982643 0.1946 1280
1762405993188 0.1893 1290
1762406003767 0.1909 1300
1762406027968 0.1908 1310
1762406038493 0.1871 1320
1762406049010 0.1867 1330
1762406059562 0.1856 1340
1762406070111 0.1812 1350
1762406093527 0.188 1360
1762406104055 0.1875 1370
1762406114575 0.188 1380
1762406125074 0.183 1390
1762406135586 0.1863 1400
1762406159793 0.1813 1410
1762406170523 0.1937 1420
1762406181096 0.1817 1430
1762406191655 0.1874 1440
1762406202210 0.1849 1450
1762406225678 0.191 1460
1762406236243 0.1857 1470
1762406246796 0.1851 1480
1762406257340 0.1858 1490
1762406267917 0.1877 1500
1762406292154 0.1759 1510
1762406302667 0.1793 1520
1762406313177 0.1769 1530
1762406323697 0.1828 1540
1762406334244 0.1834 1550
1762406357695 0.1892 1560
1762406368243 0.175 1570
1762406378784 0.1788 1580
1762406389329 0.1823 1590
1762406399849 0.1862 1600
1762406424099 0.1789 1610
1762406434637 0.1763 1620
1762406445168 0.1907 1630
1762406455719 0.1792 1640
1762406466245 0.1811 1650
1762406489660 0.1792 1660
1762406500184 0.1896 1670
1762406510744 0.1791 1680
1762406521261 0.1768 1690
1762406531763 0.1787 1700
1762406556001 0.1769 1710
1762406566530 0.1797 1720
1762406577068 0.1795 1730
1762406587614 0.1899 1740
1762406598177 0.1798 1750
1762406621673 0.1767 1760
1762406632189 0.1776 1770
1762406642733 0.1808 1780
1762406653247 0.1781 1790
1762406663802 0.1839 1800
1762406688083 0.1727 1810
1762406698625 0.1776 1820
1762406709167 0.1742 1830
1762406719707 0.1777 1840
1762406730232 0.1772 1850
1762406753696 0.1798 1860
1762406764225 0.1834 1870
