1762404314916 0.40143883898854255 10
1762404325406 0.4850258193910122 20
1762404335906 0.6146134704351425 30
1762404346428 0.7315094962716102 40
1762404356973 0.8195825174450875 50
1762404380709 0.838328842818737 60
1762404391236 0.8655289381742477 70
1762404401741 0.8764416456222535 80
1762404412256 0.8800316199660301 90
1762404422760 0.8876750200986863 100
1762404446896 0.8904733791947365 110
1762404457449 0.8934930190443993 120
1762404467937 0.901344045996666 130
1762404478417 0.900965829193592 140
1762404488943 0.9049596264958382 150
1762404512354 0.9043461978435516 160
1762404522866 0.9110857814550399 170
1762404533421 0.913646487891674 180
1762404543997 0.9170948788523674 190
1762404554517 0.9254780188202858 200
1762404578672 0.926851074397564 210
1762404589211 0.9277368828654289 220
1762404599734 0.9288826748728752 230
1762404610281 0.9273267358541488 240
1762404620806 0.9281322985887528 250
1762404644190 0.9316587775945664 260
1762404654724 0.9312758550047875 270
1762404665293 0.9321468278765679 280
1762404675777 0.9320620775222779 290
1762404686294 0.9349880114197731 300
1762404710522 0.9329418703913689 310
1762404721076 0.9376634955406189 320
1762404731620 0.9389362782239914 330
1762404742152 0.9399689048528671 340
1762404752658 0.9364302158355713 350
1762404776083 0.9413179203867912 360
1762404786584 0.939765453338623 370
1762404797113 0.9377662688493729 380
1762404807659 0.9362014725804328 390
1762404818176 0.9401227310299873 400
1762404842412 0.941229747235775 410
1762404852912 0.9409343123435974 420
1762404863423 0.9413460031151771 430
1762404873944 0.9373632475733757 440
1762404884446 0.9442989021539688 450
1762404907854 0.939555361866951 460
1762404918348 0.9433189556002617 470
1762404928829 0.939810374379158 480
1762404939299 0.9400978565216065 490
1762404949777 0.9407198026776313 500
1762404973988 0.943316800892353 510
1762404984469 0.9441937908530236 520
1762404994988 0.9457668617367745 530
1762405005487 0.9437220007181167 540
1762405016038 0.9436019346117973 550
1762405039403 0.9411427333950997 560
1762405049943 0.9470335572957993 570
1762405060445 0.9444183275103569 580
1762405070977 0.947370982170105 590
1762405081496 0.9444186553359032 600
1762405105750 0.9462396636605263 610
1762405116286 0.9427340134978295 620
1762405126818 0.944275113940239 630
1762405137344 0.9475137323141098 640
1762405147841 0.947687765955925 650
1762405171242 0.9458970069885254 660
1762405181738 0.9432213053107261 670
1762405192210 0.9489235550165176 680
1762405202695 0.9467362478375435 690
1762405213228 0.945546668767929 700
1762405237468 0.9473010420799255 710
1762405247963 0.9468248426914215 720
1762405258437 0.9450544476509094 730
1762405268958 0.9465600430965424 740
1762405279492 0.9493002116680145 750
1762405302946 0.9485350385308265 760
1762405313458 0.9459396541118622 770
1762405323956 0.9491605415940285 780
1762405334497 0.9491220489144325 790
1762405344985 0.949476009607315 800
1762405369236 0.9510119095444679 810
1762405379723 0.9498149052262306 820
1762405390273 0.9502693176269531 830
1762405400791 0.9502686247229576 840
1762405411324 0.9510788857936859 850
1762405434677 0.950959226489067 860
1762405445184 0.9509571224451066 870
1762405455718 0.9493409126996994 880
1762405466214 0.9473909080028534 890
1762405476723 0.9487082615494729 900
1762405500953 0.9489027425646782 910
1762405511409 0.9489268288016319 920
1762405521917 0.9519843816757202 930
1762405532398 0.948240140080452 940
1762405542900 0.9523223131895066 950
1762405566298 0.9510538190603256 960
1762405576831 0.9510866105556488 970
1762405587343 0.9548854351043701 980
1762405597864 0.9530172020196914 990
1762405608416 0.9527251839637756 1000
1762405632679 0.9535869225859642 1010
1762405643206 0.9524882063269615 1020
1762405653705 0.9513135567307472 1030
1762405664218 0.9536582037806511 1040
1762405674739 0.9539435341954231 1050
1762405698131 0.950884722173214 1060
1762405708637 0.9526680558919907 1070
1762405719151 0.9527024701237679 1080
1762405729651 0.9516155883669853 1090
1762405740177 0.9536359816789627 1100
1762405764414 0.9507143676280976 1110
1762405774938 0.9523205578327179 1120
1762405785442 0.9565747618675232 1130
1762405795919 0.9543328568339348 1140
1762405806416 0.9537565186619759 1150
1762405829852 0.951943215727806 1160
1762405840411 0.9538483694195747 1170
1762405850928 0.9548470884561538 1180
1762405861445 0.9537162184715271 1190
1762405871931 0.9557567715644837 1200
1762405896097 0.953593310713768 1210
1762405906636 0.9540390864014625 1220
1762405917125 0.9544621363282204 1230
1762405927639 0.9549202084541321 1240
1762405938160 0.9539407685399055 1250
1762405961574 0.9552191510796547 1260
1762405972098 0.9550112068653107 1270
1762405982643 0.9545490846037865 1280
1762405993188 0.9550640553236007 1290
1762406003767 0.9548939421772957 1300
1762406027968 0.9565697506070137 1310
1762406038493 0.9569168895483017 1320
1762406049010 0.9571084156632423 1330
1762406059562 0.9569667607545853 1340
1762406070111 0.9569213166832924 1350
1762406093527 0.9560015216469765 1360
1762406104055 0.9570079624652863 1370
1762406114575 0.9562342062592506 1380
1762406125074 0.9560648739337921 1390
1762406135586 0.956501318514347 1400
1762406159793 0.9569368556141853 1410
1762406170523 0.9553553849458695 1420
1762406181096 0.955779804289341 1430
1762406191655 0.9562269255518914 1440
1762406202210 0.9570622205734253 1450
1762406225678 0.9564098596572876 1460
1762406236243 0.955684918165207 1470
1762406246796 0.9571753084659577 1480
1762406257340 0.9551529437303543 1490
1762406267917 0.9557503893971443 1500
1762406292154 0.9586525067687035 1510
1762406302667 0.9563885509967804 1520
1762406313177 0.9573092624545098 1530
1762406323697 0.9576823994517326 1540
1762406334244 0.9556861147284508 1550
1762406357695 0.955968864262104 1560
1762406368243 0.9586151346564293 1570
1762406378784 0.9598964631557465 1580
1762406389329 0.9581475883722306 1590
1762406399849 0.955826535820961 1600
1762406424099 0.9584834828972817 1610
1762406434637 0.9581996396183967 1620
1762406445168 0.9550108402967453 1630
1762406455719 0.9577722877264023 1640
1762406466245 0.9568615689873695 1650
1762406489660 0.9583212897181511 1660
1762406500184 0.9563975393772125 1670
1762406510744 0.9585451513528824 1680
1762406521261 0.9569617822766304 1690
1762406531763 0.9582553565502167 1700
1762406556001 0.957936093211174 1710
1762406566530 0.9553059309720993 1720
1762406577068 0.9570897907018662 1730
1762406587614 0.9559900522232055 1740
1762406598177 0.957510170340538 1750
1762406621673 0.9595875382423401 1760
1762406632189 0.9582816973328591 1770
1762406642733 0.9581199362874031 1780
1762406653247 0.9578659921884537 1790
1762406663802 0.9570428386330605 1800
1762406688083 0.9575225725769997 1810
1762406698625 0.9584711506962776 1820
1762406709167 0.959014604985714 1830
1762406719707 0.9574160188436508 1840
1762406730232 0.9597039461135864 1850
1762406753696 0.9590939432382584 1860
1762406764225 0.9588373124599456 1870
