1762404314916 14810.0 10
1762404325406 29605.0 20
1762404335906 44326.0 30
1762404346428 59549.0 40
1762404356973 74523.0 50
1762404380709 89425.0 60
1762404391236 104218.0 70
1762404401741 119154.0 80
1762404412256 134097.0 90
1762404422760 148734.0 100
1762404446896 163545.0 110
1762404457449 178547.0 120
1762404467937 193609.0 130
1762404478417 208406.0 140
1762404488943 223222.0 150
1762404512354 238298.0 160
1762404522866 253320.0 170
1762404533421 268378.0 180
1762404543997 282909.0 190
1762404554517 297588.0 200
1762404578672 312384.0 210
1762404589211 327536.0 220
1762404599734 342328.0 230
1762404610281 357356.0 240
1762404620806 372214.0 250
1762404644190 387106.0 260
1762404654724 402284.0 270
1762404665293 417248.0 280
1762404675777 431942.0 290
1762404686294 447035.0 300
1762404710522 461797.0 310
1762404721076 476858.0 320
1762404731620 491906.0 330
1762404742152 506808.0 340
1762404752658 521753.0 350
1762404776083 536527.0 360
1762404786584 551288.0 370
1762404797113 565911.0 380
1762404807659 581065.0 390
1762404818176 595810.0 400
1762404842412 611048.0 410
1762404852912 625633.0 420
1762404863423 640501.0 430
1762404873944 655321.0 440
1762404884446 670079.0 450
1762404907854 685212.0 460
1762404918348 700055.0 470
1762404928829 715110.0 480
1762404939299 730043.0 490
1762404949777 745245.0 500
1762404973988 760449.0 510
1762404984469 774947.0 520
1762404994988 789745.0 530
1762405005487 804594.0 540
1762405016038 819375.0 550
1762405039403 834322.0 560
1762405049943 849017.0 570
1762405060445 863965.0 580
1762405070977 878791.0 590
1762405081496 893667.0 600
1762405105750 909044.0 610
1762405116286 924012.0 620
1762405126818 939175.0 630
1762405137344 954277.0 640
1762405147841 968857.0 650
1762405171242 983505.0 660
1762405181738 998589.0 670
1762405192210 1013477.0 680
1762405202695 1028178.0 690
1762405213228 1043192.0 700
1762405237468 1058153.0 710
1762405247963 1073132.0 720
1762405258437 1087898.0 730
1762405268958 1102534.0 740
1762405279492 1117140.0 750
1762405302946 1131796.0 760
1762405313458 1146699.0 770
1762405323956 1161703.0 780
1762405334497 1177078.0 790
1762405344985 1192069.0 800
1762405369236 1206970.0 810
1762405379723 1222057.0 820
1762405390273 1237114.0 830
1762405400791 1251697.0 840
1762405411324 1266649.0 850
1762405434677 1281472.0 860
1762405445184 1296444.0 870
1762405455718 1311600.0 880
1762405466214 1326383.0 890
1762405476723 1341261.0 900
1762405500953 1356227.0 910
1762405511409 1370703.0 920
1762405521917 1385577.0 930
1762405532398 1400262.0 940
1762405542900 1415126.0 950
1762405566298 1429984.0 960
1762405576831 1445066.0 970
1762405587343 1460029.0 980
1762405597864 1475082.0 990
1762405608416 1490088.0 1000
1762405632679 1504769.0 1010
1762405643206 1519979.0 1020
1762405653705 1534745.0 1030
1762405664218 1549445.0 1040
1762405674739 1564391.0 1050
1762405698131 1578848.0 1060
1762405708637 1593659.0 1070
1762405719151 1608437.0 1080
1762405729651 1623651.0 1090
1762405740177 1638704.0 1100
1762405764414 1653697.0 1110
1762405774938 1668487.0 1120
1762405785442 1683318.0 1130
1762405795919 1698159.0 1140
1762405806416 1713184.0 1150
1762405829852 1728033.0 1160
1762405840411 1743272.0 1170
1762405850928 1758294.0 1180
1762405861445 1773499.0 1190
1762405871931 1788679.0 1200
1762405896097 1803555.0 1210
1762405906636 1818124.0 1220
1762405917125 1833200.0 1230
1762405927639 1848075.0 1240
1762405938160 1862781.0 1250
1762405961574 1877525.0 1260
1762405972098 1892182.0 1270
1762405982643 1907051.0 1280
1762405993188 1921908.0 1290
1762406003767 1936759.0 1300
1762406027968 1951358.0 1310
1762406038493 1966552.0 1320
1762406049010 1981519.0 1330
1762406059562 1996076.0 1340
1762406070111 2010978.0 1350
1762406093527 2026266.0 1360
1762406104055 2041005.0 1370
1762406114575 2055772.0 1380
1762406125074 2070795.0 1390
1762406135586 2085696.0 1400
1762406159793 2100408.0 1410
1762406170523 2115372.0 1420
1762406181096 2130320.0 1430
1762406191655 2145376.0 1440
1762406202210 2160024.0 1450
1762406225678 2174909.0 1460
1762406236243 2190049.0 1470
1762406246796 2204829.0 1480
1762406257340 2219814.0 1490
1762406267917 2234385.0 1500
1762406292154 2249355.0 1510
1762406302667 2264435.0 1520
1762406313177 2279123.0 1530
1762406323697 2294058.0 1540
1762406334244 2308928.0 1550
1762406357695 2323739.0 1560
1762406368243 2339121.0 1570
1762406378784 2354093.0 1580
1762406389329 2368924.0 1590
1762406399849 2383830.0 1600
1762406424099 2398693.0 1610
1762406434637 2413899.0 1620
1762406445168 2428258.0 1630
1762406455719 2443267.0 1640
1762406466245 2457901.0 1650
1762406489660 2473042.0 1660
1762406500184 2487698.0 1670
1762406510744 2502668.0 1680
1762406521261 2517292.0 1690
1762406531763 2532191.0 1700
1762406556001 2547029.0 1710
1762406566530 2562024.0 1720
1762406577068 2577001.0 1730
1762406587614 2591689.0 1740
1762406598177 2606640.0 1750
1762406621673 2621691.0 1760
1762406632189 2636937.0 1770
1762406642733 2651874.0 1780
1762406653247 2666994.0 1790
1762406663802 2681623.0 1800
1762406688083 2696651.0 1810
1762406698625 2711577.0 1820
1762406709167 2726317.0 1830
1762406719707 2741310.0 1840
1762406730232 2756103.0 1850
1762406753696 2770999.0 1860
1762406764225 2785620.0 1870
