1762407164027 2.253358656167984 10
1762407170960 2.4972068071365356 20
1762407177885 2.633147245645523 30
1762407184805 2.2181032955646516 40
1762407191728 1.5394334137439727 50
1762407207943 1.121568463742733 60
1762407214891 0.9335422679781914 70
1762407221811 0.7930994346737862 80
1762407228754 0.7356681227684021 90
1762407235663 0.7031284511089325 100
1762407251831 0.6585019543766976 110
1762407258749 0.6588402837514877 120
1762407265690 0.5921153903007508 130
1762407272603 0.6206224143505097 140
1762407279504 0.5797607935965061 150
1762407295675 0.5847311332821846 160
1762407302583 0.5330883026123047 170
1762407309486 0.5458323150873184 180
1762407316374 0.5469370231032371 190
1762407323290 0.5448769643902779 200
1762407339485 0.5384898521006107 210
1762407346438 0.5024062313139439 220
1762407353376 0.518866466730833 230
1762407360323 0.5088662169873714 240
1762407367230 0.5130693264305591 250
1762407384216 0.49490826576948166 260
1762407391179 0.4996557839214802 270
1762407398105 0.48862384259700775 280
1762407404999 0.4920406140387058 290
1762407411918 0.45251454040408134 300
1762407428071 0.4932220339775085 310
1762407434961 0.46864051520824435 320
1762407441889 0.4618497431278229 330
1762407448837 0.44676425978541373 340
1762407455740 0.4609625183045864 350
1762407471887 0.4573963865637779 360
1762407478794 0.43783596232533456 370
1762407485702 0.4617916285991669 380
1762407492597 0.4918517991900444 390
1762407499494 0.4638311855494976 400
1762407515680 0.43836469724774363 410
1762407522567 0.4507270395755768 420
1762407529475 0.43770343959331515 430
1762407536384 0.45579681396484373 440
1762407543251 0.434438207000494 450
1762407559397 0.45042164251208305 460
1762407566269 0.4382253929972649 470
1762407573194 0.4383302740752697 480
1762407580076 0.4445572167634964 490
1762407586978 0.4572851099073887 500
1762407603769 0.4394256487488747 510
1762407610637 0.44019098207354546 520
1762407617548 0.4132287725806236 530
1762407624443 0.4240387499332428 540
1762407631340 0.44905964359641076 550
1762407647536 0.431303671002388 560
1762407654465 0.40566037893295287 570
1762407661380 0.4284788899123669 580
1762407668299 0.4194417715072632 590
1762407675213 0.4338690184056759 600
1762407691432 0.43145677968859675 610
1762407698329 0.42138613685965537 620
1762407705253 0.430917727202177 630
1762407712182 0.4126378528773785 640
1762407719073 0.4072685897350311 650
1762407735246 0.41474682539701463 660
1762407742161 0.4310949817299843 670
1762407749070 0.42278966680169106 680
1762407755981 0.4070602238178253 690
1762407762897 0.42787276208400726 700
1762407779092 0.41464083418250086 710
1762407785987 0.4046250283718109 720
1762407792900 0.435148774087429 730
1762407799798 0.41074344515800476 740
1762407806690 0.41836531907320024 750
1762407823554 0.409774211794138 760
1762407830489 0.42925200164318084 770
1762407837380 0.3965512953698635 780
1762407844297 0.3916809275746346 790
1762407851217 0.4105226300656796 800
1762407867413 0.4014394298195839 810
1762407874341 0.41519059613347054 820
1762407881250 0.39724904000759126 830
1762407888166 0.4001437030732632 840
1762407895065 0.39168099835515024 850
1762407911278 0.40363336727023125 860
1762407918180 0.3931619845330715 870
1762407925103 0.4068152874708176 880
1762407932005 0.3868327461183071 890
1762407938950 0.4319615989923477 900
1762407955141 0.40525377318263056 910
1762407962032 0.409804604947567 920
1762407968936 0.3929396502673626 930
1762407975841 0.4092369444668293 940
1762407982765 0.39895391166210176 950
1762407998981 0.39803400486707685 960
1762408005878 0.3959313616156578 970
1762408012784 0.3882376730442047 980
1762408019679 0.3691010296344757 990
1762408026577 0.4063305571675301 1000
1762408043424 0.3826237753033638 1010
1762408050351 0.3782332643866539 1020
1762408057270 0.41279483363032343 1030
1762408064194 0.39451085329055785 1040
1762408071096 0.39694553017616274 1050
1762408087241 0.39970135390758516 1060
1762408094157 0.39304337948560714 1070
1762408101057 0.39477683380246165 1080
1762408107966 0.3958154730498791 1090
1762408114880 0.38770629167556764 1100
1762408130990 0.3885660983622074 1110
1762408137873 0.3979714497923851 1120
1762408144744 0.37591324672102927 1130
1762408151632 0.3843826219439507 1140
1762408158542 0.3761347621679306 1150
1762408174711 0.3967868223786354 1160
1762408181620 0.40028099715709686 1170
1762408188549 0.37095317170023917 1180
1762408195454 0.3794318735599518 1190
1762408202377 0.3686426244676113 1200
1762408218572 0.3893426164984703 1210
1762408225493 0.4027243793010712 1220
1762408232423 0.38080764189362526 1230
1762408239331 0.38821152225136757 1240
1762408246243 0.39300306141376495 1250
1762408263119 0.3908918336033821 1260
1762408270050 0.39533794224262236 1270
1762408276989 0.39481213465332987 1280
1762408283911 0.3734303221106529 1290
1762408290828 0.3868896536529064 1300
1762408306979 0.3802727110683918 1310
1762408313883 0.3799289509654045 1320
1762408320786 0.3871430687606335 1330
1762408327705 0.3794336825609207 1340
1762408334618 0.38402746692299844 1350
1762408350830 0.3847210183739662 1360
1762408357750 0.38611204773187635 1370
1762408364685 0.38799556717276573 1380
1762408371599 0.37906478717923164 1390
1762408378525 0.3810973778367043 1400
1762408394714 0.382360677421093 1410
1762408401622 0.3853387989103794 1420
1762408408560 0.371002509444952 1430
1762408415476 0.37749232575297353 1440
1762408422406 0.38828349485993385 1450
1762408438587 0.3821151152253151 1460
1762408445479 0.3722535453736782 1470
1762408452374 0.38455045148730277 1480
1762408459268 0.3817450895905495 1490
1762408466182 0.38048510402441027 1500
1762408483076 0.3645245559513569 1510
1762408490005 0.3599018469452858 1520
1762408496931 0.34449140951037405 1530
1762408503848 0.3387662496417761 1540
1762408510773 0.33071003705263136 1550
1762408526967 0.3338958121836185 1560
1762408533872 0.3233555190265179 1570
1762408540805 0.30101936832070353 1580
1762408547717 0.30441333055496217 1590
1762408554654 0.32114926502108576 1600
1762408570874 0.3058336149901152 1610
1762408577783 0.28118479140102864 1620
1762408584700 0.3089630864560604 1630
1762408591614 0.29693405143916607 1640
1762408598488 0.29912050887942315 1650
1762408614624 0.28735872320830824 1660
1762408621525 0.29326094426214694 1670
1762408628448 0.28241730891168115 1680
1762408635365 0.27606425881385804 1690
1762408642262 0.27058291509747506 1700
1762408658459 0.27367670871317384 1710
1762408665396 0.28054788410663606 1720
1762408672322 0.2643559165298939 1730
1762408679226 0.29056878909468653 1740
1762408686143 0.2811575226485729 1750
1762408703017 0.25250899493694307 1760
1762408709947 0.28594314903020857 1770
1762408716884 0.2692956358194351 1780
1762408723763 0.259978462010622 1790
1762408730688 0.2779182158410549 1800
1762408746859 0.2668074082583189 1810
1762408753784 0.2629456460475922 1820
1762408760697 0.25944663509726523 1830
1762408767604 0.25969543009996415 1840
1762408774497 0.27804120555520057 1850
1762408790702 0.2654577914625406 1860
1762408797587 0.27279711663722994 1870
1762408804523 0.2517212588340044 1880
1762408811403 0.25638116523623466 1890
1762408818299 0.251676207780838 1900
1762408834515 0.2443280979990959 1910
1762408841453 0.2529321938753128 1920
1762408848357 0.259130897372961 1930
1762408855260 0.25778810791671275 1940
1762408862200 0.2636464688926935 1950
1762408878365 0.25928181894123553 1960
1762408885248 0.2448593180626631 1970
1762408892133 0.260543804243207 1980
1762408899041 0.25091167390346525 1990
1762408905977 0.2566521864384413 2000
1762408922866 0.26016726791858674 2010
1762408929800 0.24878813438117503 2020
1762408936717 0.2511750616133213 2030
1762408943641 0.25085994862020017 2040
1762408950562 0.255392075702548 2050
1762408966738 0.25611019842326643 2060
1762408973643 0.26003495007753374 2070
1762408980566 0.24431447312235832 2080
1762408987480 0.24599649235606194 2090
1762408994413 0.24883019104599952 2100
1762409010632 0.24092529900372028 2110
1762409017571 0.24917056486010553 2120
1762409024502 0.2536438047885895 2130
1762409031408 0.2390396885573864 2140
1762409038330 0.2356473695486784 2150
1762409054554 0.25441399998962877 2160
1762409061478 0.24733492992818357 2170
1762409068368 0.24741022661328316 2180
1762409075277 0.2416771359741688 2190
1762409082169 0.23579635992646217 2200
1762409098388 0.24690508507192135 2210
1762409105309 0.24314211271703243 2220
1762409112226 0.23901023380458356 2230
1762409119125 0.2510626371949911 2240
1762409126031 0.24012766666710378 2250
1762409142937 0.2504727106541395 2260
1762409149832 0.23982455171644687 2270
1762409156742 0.22686277143657207 2280
1762409163655 0.24905550815165042 2290
1762409170577 0.24171860590577127 2300
1762409186771 0.23821098804473878 2310
1762409193692 0.23168432153761387 2320
1762409200633 0.23501241840422155 2330
1762409207565 0.24143180660903454 2340
1762409214492 0.2372073892503977 2350
1762409230655 0.2470952495932579 2360
1762409237581 0.24537821523845196 2370
1762409244489 0.23076851889491082 2380
1762409251409 0.24164087027311326 2390
1762409258344 0.22496805787086488 2400
1762409274515 0.2366336327046156 2410
1762409281417 0.24294032230973245 2420
1762409288333 0.2402557410299778 2430
1762409295254 0.23629204221069813 2440
1762409302169 0.2311129581183195 2450
1762409318373 0.22705641128122805 2460
1762409325291 0.23924134224653243 2470
1762409332189 0.23744821026921273 2480
1762409339100 0.22865005433559418 2490
1762409346022 0.22879843153059481 2500
1762409362878 0.23841217420995237 2510
1762409369805 0.23237143345177175 2520
1762409376718 0.23127988427877427 2530
1762409383607 0.24186793975532056 2540
1762409390520 0.23055961430072786 2550
1762409406726 0.23009481243789195 2560
1762409413657 0.2288862194865942 2570
1762409420585 0.24281113408505917 2580
1762409427516 0.23243592195212842 2590
1762409434436 0.23167521469295024 2600
1762409450644 0.2267070323228836 2610
1762409457560 0.2324370089918375 2620
1762409464476 0.23106866776943208 2630
1762409471358 0.21843857057392596 2640
1762409478251 0.23819660693407058 2650
1762409494416 0.22614488899707794 2660
1762409501325 0.2342838030308485 2670
1762409508247 0.224735014885664 2680
1762409515160 0.22470040135085584 2690
1762409522078 0.2269802313297987 2700
1762409538246 0.2263127639889717 2710
1762409545131 0.22855470441281794 2720
1762409552042 0.2212391808629036 2730
1762409558943 0.21598831452429296 2740
1762409565875 0.2261005625128746 2750
1762409582759 0.23803468123078347 2760
1762409589684 0.23430598191916943 2770
1762409596631 0.23321192972362043 2780
1762409603552 0.2361147180199623 2790
1762409610453 0.22339138127863406 2800
1762409626553 0.22824009023606778 2810
1762409633457 0.22271642908453942 2820
1762409640388 0.21906129345297815 2830
1762409647296 0.22767226919531822 2840
1762409654169 0.22685204222798347 2850
1762409670369 0.2250293992459774 2860
1762409677301 0.22496046051383017 2870
1762409684213 0.21818748749792577 2880
1762409691131 0.22480391412973405 2890
1762409698057 0.22196852788329124 2900
1762409714226 0.2209955755621195 2910
1762409721166 0.21946214213967324 2920
1762409728085 0.22980247847735882 2930
1762409734944 0.23167822659015655 2940
1762409741844 0.22335598506033422 2950
1762409757987 0.2266533836722374 2960
1762409764869 0.22730944007635118 2970
1762409771789 0.22363846488296985 2980
1762409778708 0.22383320070803164 2990
1762409785595 0.21948825977742673 3000
1762409802511 0.21670047156512737 3010
1762409809429 0.21605444923043252 3020
1762409816334 0.21716038174927235 3030
1762409823242 0.22328816615045072 3040
1762409830133 0.21867407001554967 3050
1762409846365 0.22265888564288616 3060
1762409853286 0.22676959335803987 3070
1762409860219 0.22661796621978283 3080
1762409867139 0.21558981873095034 3090
1762409874071 0.21981764324009417 3100
1762409890275 0.22298864610493183 3110
1762409897208 0.22454415448009968 3120
1762409904109 0.21505648083984852 3130
1762409911047 0.22243657372891903 3140
1762409917968 0.22518810778856277 3150
1762409934194 0.22022284604609013 3160
1762409941129 0.2181742463260889 3170
1762409948062 0.21416123621165753 3180
1762409954990 0.21540549509227275 3190
1762409961905 0.21089962497353554 3200
1762409978108 0.2174114514142275 3210
1762409985052 0.2182418704032898 3220
1762409991994 0.22131731510162353 3230
1762409998936 0.2188515231013298 3240
1762410005877 0.21594813875854016 3250
1762410022828 0.21147926822304725 3260
1762410029764 0.2148107185959816 3270
1762410036667 0.21916510052978994 3280
1762410043577 0.21728435568511487 3290
1762410050470 0.22042264826595784 3300
1762410066685 0.22052138224244117 3310
1762410073608 0.21146465092897415 3320
1762410080533 0.21289494670927525 3330
1762410087444 0.22006726488471032 3340
1762410094363 0.21951387450098991 3350
1762410110515 0.2230103351175785 3360
1762410117398 0.21859079748392105 3370
1762410124292 0.20948478877544402 3380
1762410131184 0.2138685416430235 3390
1762410138105 0.20741768404841424 3400
1762410154260 0.21325584203004838 3410
1762410161155 0.20401390343904496 3420
1762410168062 0.2112403202801943 3430
1762410174987 0.2138329777866602 3440
1762410181917 0.2092704065144062 3450
1762410198106 0.2196574170142412 3460
1762410205049 0.21301286146044732 3470
1762410211952 0.21471385434269905 3480
1762410218862 0.20620396807789804 3490
1762410225776 0.21208302676677704 3500
1762410242668 0.2176775060594082 3510
1762410249571 0.22254870906472207 3520
1762410256493 0.22372615039348603 3530
1762410263415 0.22371683791279792 3540
1762410270341 0.21354208067059516 3550
1762410286547 0.21061340905725956 3560
1762410293469 0.21306700594723224 3570
1762410300373 0.20822216682136058 3580
1762410307297 0.20362508557736875 3590
1762410314213 0.20797221474349498 3600
1762410330392 0.21247101649641992 3610
1762410337318 0.20663311555981637 3620
1762410344229 0.20975035950541496 3630
1762410351124 0.2183607891201973 3640
1762410358036 0.2120656456798315 3650
1762410374223 0.21568071693181992 3660
1762410381151 0.21487540155649185 3670
1762410388072 0.2107571203261614 3680
1762410394969 0.21207599379122258 3690
1762410401875 0.2184194277971983 3700
1762410418099 0.20974796153604985 3710
1762410425031 0.21140598356723786 3720
1762410431962 0.2054649904370308 3730
1762410438915 0.20513667427003385 3740
1762410445824 0.20495411418378354 3750
1762410462748 0.21398605331778525 3760
1762410469675 0.2155460685491562 3770
1762410476590 0.20570939853787423 3780
1762410483513 0.20460693091154097 3790
1762410490426 0.20267249085009098 3800
1762410506631 0.20558648854494094 3810
1762410513548 0.2152652159333229 3820
1762410520453 0.21348979137837887 3830
1762410527339 0.20879283621907235 3840
1762410534263 0.20164141207933425 3850
1762410550407 0.20849181227386 3860
1762410557329 0.21107110753655434 3870
1762410564230 0.21424805894494056 3880
1762410571148 0.21537788026034832 3890
1762410578088 0.20721582993865012 3900
1762410594316 0.20583747811615466 3910
1762410601239 0.20919709801673889 3920
1762410608164 0.202264703810215 3930
1762410615091 0.21295914612710476 3940
1762410622020 0.20927194505929947 3950
1762410638215 0.2063709020614624 3960
1762410645138 0.20688855163753034 3970
1762410652039 0.2103114567697048 3980
1762410658945 0.20534289367496966 3990
1762410665858 0.20608283281326295 4000
1762410682725 0.20224897973239422 4010
1762410689644 0.2103419404476881 4020
1762410696537 0.20468492433428764 4030
1762410703422 0.20410917103290557 4040
1762410710316 0.20747483260929583 4050
1762410726518 0.2019253969192505 4060
1762410733446 0.21007696241140367 4070
1762410740337 0.2096519436687231 4080
1762410747230 0.2082431510090828 4090
1762410754140 0.20354137793183327 4100
1762410770364 0.20690966546535491 4110
1762410777276 0.20945102237164975 4120
1762410784181 0.20790112018585205 4130
1762410791084 0.20529167577624322 4140
1762410798008 0.2045713674277067 4150
1762410814240 0.20450339317321778 4160
1762410821158 0.20361689962446688 4170
1762410828081 0.1984921507537365 4180
1762410835008 0.2066517688333988 4190
1762410841937 0.20166491754353047 4200
1762410858163 0.2032987792044878 4210
1762410865093 0.20722803100943565 4220
1762410872015 0.208650890737772 4230
1762410878933 0.20131603628396988 4240
1762410885854 0.20234330855309962 4250
1762410902790 0.21319439820945263 4260
1762410909722 0.214214476197958 4270
1762410916652 0.20523773394525052 4280
1762410923577 0.2062751118093729 4290
1762410930488 0.2015979215502739 4300
1762410946700 0.204143950343132 4310
1762410953630 0.2064944662153721 4320
1762410960500 0.2067610014230013 4330
1762410967433 0.207439898326993 4340
1762410974339 0.20929002128541468 4350
1762411178812 0.21034726165235043 4360
1762411185736 0.20439943820238113 4370
1762411192643 0.2014649823307991 4380
1762411199563 0.20163458809256554 4390
1762411206503 0.19709901176393033 4400
1762411222711 0.19941864311695098 4410
1762411229617 0.20224260166287422 4420
1762411236515 0.19439970329403877 4430
1762411243405 0.2036741692572832 4440
1762411250313 0.20504561848938466 4450
1762411266513 0.20267463624477386 4460
1762411273426 0.21022249311208724 4470
1762411280390 0.20582886934280395 4480
1762411287304 0.20160645991563797 4490
1762411294229 0.21073619984090328 4500
1762411311192 0.21091062314808368 4510
1762411318104 0.2068429071456194 4520
1762411325026 0.19606035575270653 4530
1762411331942 0.19756307527422906 4540
1762411338841 0.1973562628030777 4550
1762411355002 0.210226920992136 4560
1762411361941 0.20295810513198376 4570
1762411368858 0.19865747801959516 4580
1762411375782 0.20208524018526078 4590
1762411382686 0.20257113091647624 4600
1762411398837 0.1961426168680191 4610
1762411405778 0.1963419247418642 4620
1762411412717 0.20621900558471679 4630
1762411419629 0.2028213832527399 4640
1762411426551 0.20838472284376622 4650
1762411442775 0.20827339589595795 4660
1762411449700 0.20716938376426697 4670
1762411456621 0.20325376205146312 4680
1762411463521 0.20372909381985665 4690
1762411470441 0.1988183818757534 4700
1762411486669 0.204253588616848 4710
1762411493582 0.20587057247757912 4720
1762411500521 0.19973102547228336 4730
1762411507424 0.2001876041293144 4740
1762411514343 0.20062928907573224 4750
1762411531222 0.1986295785754919 4760
1762411538139 0.2016138222068548 4770
1762411545049 0.20357021763920785 4780
1762411551955 0.1995340034365654 4790
1762411558889 0.20207371674478053 4800
1762411575067 0.2032185409218073 4810
1762411581947 0.20469270907342435 4820
1762411588880 0.20005041174590588 4830
1762411595810 0.2013130236417055 4840
1762411602744 0.20017897486686706 4850
1762411618970 0.20138325802981855 4860
1762411625857 0.20133882164955139 4870
1762411632796 0.19760922566056252 4880
1762411639714 0.20371484905481338 4890
1762411646653 0.19553244784474372 4900
1762411662868 0.2013772465288639 4910
1762411669790 0.21291078738868235 4920
1762411676700 0.20397289469838142 4930
1762411683626 0.20385560281574727 4940
1762411690543 0.2022117603570223 4950
1762411706722 0.19830257669091225 4960
1762411713641 0.20524917729198933 4970
1762411720571 0.20115505419671537 4980
1762411727495 0.2017471607774496 4990
1762411734395 0.20369282737374306 5000
1762411751281 0.2054531652480364 5010
1762411758216 0.20247399881482125 5020
1762411765135 0.2010717701166868 5030
1762411772055 0.19885018579661845 5040
1762411778973 0.19770483747124673 5050
1762411795188 0.2038656182587147 5060
1762411802100 0.20123875811696051 5070
1762411809032 0.20227804109454156 5080
1762411815964 0.19497005380690097 5090
1762411822857 0.19829652458429337 5100
1762411839090 0.20658705867826938 5110
1762411846030 0.2026307974010706 5120
1762411852974 0.20857174582779409 5130
1762411859908 0.1975367683917284 5140
1762411866837 0.1945778861641884 5150
1762411883009 0.20464355535805226 5160
1762411889923 0.19582181312143804 5170
1762411896822 0.20293316766619682 5180
1762411903736 0.20546590052545072 5190
1762411910636 0.20812104567885398 5200
1762411926809 0.20216453596949577 5210
1762411933712 0.1966451771557331 5220
1762411940617 0.2016801107674837 5230
1762411947508 0.20027553997933864 5240
1762411954396 0.19814537167549134 5250
1762411971290 0.1931833177804947 5260
1762411978211 0.20483983866870403 5270
1762411985122 0.19634338095784187 5280
1762411992054 0.2027542106807232 5290
1762411999010 0.2082430962473154 5300
1762412015223 0.1955826800316572 5310
1762412022159 0.20254100263118743 5320
1762412029098 0.1940395463258028 5330
1762412036016 0.19484072290360926 5340
1762412042938 0.20199230127036572 5350
1762412059092 0.20615878961980344 5360
1762412066019 0.20136090703308582 5370
1762412072940 0.19792939499020576 5380
1762412079829 0.20291267298161983 5390
1762412086744 0.20636266544461251 5400
1762412102973 0.21331244707107544 5410
1762412109891 0.19579645544290541 5420
1762412116798 0.19888860620558263 5430
1762412123704 0.19885791838169098 5440
1762412130603 0.20050124265253544 5450
1762412146804 0.19709096550941468 5460
1762412153728 0.20474239736795424 5470
1762412160612 0.1964892715215683 5480
1762412167523 0.20298362337052822 5490
1762412174442 0.20500771664083003 5500
1762412191719 0.2008868411183357 5510
1762412198623 0.19617767818272114 5520
1762412205509 0.20802739560604094 5530
1762412212427 0.20000648014247419 5540
1762412219327 0.20316919945180417 5550
1762412235538 0.2038186017423868 5560
1762412242421 0.20456951893866063 5570
1762412249363 0.19719095379114152 5580
1762412256290 0.19584383033216 5590
1762412263195 0.20879092030227184 5600
1762412279420 0.19670303985476495 5610
