1762407164027 0.053475935828877004 10
1762407170960 0.10695187165775401 20
1762407177885 0.16042780748663102 30
1762407184805 0.21390374331550802 40
1762407191728 0.26737967914438504 50
1762407201008 0.26737967914438504 50
1762407207943 0.32085561497326204 60
1762407214891 0.37433155080213903 70
1762407221811 0.42780748663101603 80
1762407228754 0.48128342245989303 90
1762407235663 0.5347593582887701 100
1762407244939 0.5347593582887701 100
1762407251831 0.5882352941176471 110
1762407258749 0.6417112299465241 120
1762407265690 0.6951871657754011 130
1762407272603 0.7486631016042781 140
1762407279504 0.8021390374331551 150
1762407288776 0.8021390374331551 150
1762407295675 0.8556149732620321 160
1762407302583 0.9090909090909091 170
1762407309486 0.9625668449197861 180
1762407316374 1.0160427807486632 190
1762407323290 1.0695187165775402 200
1762407332566 1.0695187165775402 200
1762407339485 1.1229946524064172 210
1762407346438 1.1764705882352942 220
1762407353376 1.2299465240641712 230
1762407360323 1.2834224598930482 240
1762407367230 1.3368983957219251 250
1762407376502 1.3368983957219251 250
1762407384216 1.3903743315508021 260
1762407391179 1.4438502673796791 270
1762407398105 1.4973262032085561 280
1762407404999 1.5508021390374331 290
1762407411918 1.6042780748663101 300
1762407421164 1.6042780748663101 300
1762407428071 1.6577540106951871 310
1762407434961 1.7112299465240641 320
1762407441889 1.7647058823529411 330
1762407448837 1.8181818181818183 340
1762407455740 1.8716577540106951 350
1762407464997 1.8716577540106951 350
1762407471887 1.9251336898395723 360
1762407478794 1.9786096256684491 370
1762407485702 2.0320855614973263 380
1762407492597 2.085561497326203 390
1762407499494 2.1390374331550803 400
1762407508778 2.1390374331550803 400
1762407515680 2.192513368983957 410
1762407522567 2.2459893048128343 420
1762407529475 2.299465240641711 430
1762407536384 2.3529411764705883 440
1762407543251 2.406417112299465 450
1762407552487 2.406417112299465 450
1762407559397 2.4598930481283423 460
1762407566269 2.5133689839572195 470
1762407573194 2.5668449197860963 480
1762407580076 2.620320855614973 490
1762407586978 2.6737967914438503 500
1762407596190 2.6737967914438503 500
1762407603769 2.7272727272727275 510
1762407610637 2.7807486631016043 520
1762407617548 2.834224598930481 530
1762407624443 2.8877005347593583 540
1762407631340 2.9411764705882355 550
1762407640620 2.9411764705882355 550
1762407647536 2.9946524064171123 560
1762407654465 3.0481283422459895 570
1762407661380 3.1016042780748663 580
1762407668299 3.1550802139037435 590
1762407675213 3.2085561497326203 600
1762407684495 3.2085561497326203 600
1762407691432 3.2620320855614975 610
1762407698329 3.3155080213903743 620
1762407705253 3.3689839572192515 630
1762407712182 3.4224598930481283 640
1762407719073 3.4759358288770055 650
1762407728334 3.4759358288770055 650
1762407735246 3.5294117647058822 660
1762407742161 3.5828877005347595 670
1762407749070 3.6363636363636362 680
1762407755981 3.6898395721925135 690
1762407762897 3.7433155080213902 700
1762407772172 3.7433155080213902 700
1762407779092 3.7967914438502675 710
1762407785987 3.8502673796791442 720
1762407792900 3.9037433155080214 730
1762407799798 3.9572192513368982 740
1762407806690 4.010695187165775 750
1762407815954 4.010695187165775 750
1762407823554 4.064171122994653 760
1762407830489 4.117647058823529 770
1762407837380 4.171122994652406 780
1762407844297 4.224598930481283 790
1762407851217 4.278074866310161 800
1762407860491 4.278074866310161 800
1762407867413 4.331550802139038 810
1762407874341 4.385026737967914 820
1762407881250 4.438502673796791 830
1762407888166 4.491978609625669 840
1762407895065 4.545454545454545 850
1762407904353 4.545454545454545 850
1762407911278 4.598930481283422 860
1762407918180 4.652406417112299 870
1762407925103 4.705882352941177 880
1762407932005 4.759358288770054 890
1762407938950 4.81283422459893 900
1762407948223 4.81283422459893 900
1762407955141 4.866310160427807 910
1762407962032 4.919786096256685 920
1762407968936 4.973262032085562 930
1762407975841 5.026737967914438 940
1762407982765 5.080213903743315 950
1762407992066 5.080213903743315 950
1762407998981 5.133689839572193 960
1762408005878 5.18716577540107 970
1762408012784 5.240641711229946 980
1762408019679 5.294117647058823 990
1762408026577 5.347593582887701 1000
1762408035828 5.347593582887701 1000
1762408043424 5.401069518716578 1010
1762408050351 5.454545454545454 1020
1762408057270 5.508021390374331 1030
1762408064194 5.561497326203209 1040
1762408071096 5.614973262032086 1050
1762408080350 5.614973262032086 1050
1762408087241 5.668449197860962 1060
1762408094157 5.721925133689839 1070
1762408101057 5.775401069518717 1080
1762408107966 5.828877005347594 1090
1762408114880 5.882352941176471 1100
1762408124112 5.882352941176471 1100
1762408130990 5.935828877005347 1110
1762408137873 5.989304812834225 1120
1762408144744 6.042780748663102 1130
1762408151632 6.096256684491979 1140
1762408158542 6.149732620320855 1150
1762408167811 6.149732620320855 1150
1762408174711 6.2032085561497325 1160
1762408181620 6.25668449197861 1170
1762408188549 6.310160427807487 1180
1762408195454 6.363636363636363 1190
1762408202377 6.4171122994652405 1200
1762408211653 6.4171122994652405 1200
1762408218572 6.470588235294118 1210
1762408225493 6.524064171122995 1220
1762408232423 6.577540106951871 1230
1762408239331 6.6310160427807485 1240
1762408246243 6.684491978609626 1250
1762408255496 6.684491978609626 1250
1762408263119 6.737967914438503 1260
1762408270050 6.791443850267379 1270
1762408276989 6.8449197860962565 1280
1762408283911 6.898395721925134 1290
1762408290828 6.951871657754011 1300
1762408300076 6.951871657754011 1300
1762408306979 7.005347593582887 1310
1762408313883 7.0588235294117645 1320
1762408320786 7.112299465240642 1330
1762408327705 7.165775401069519 1340
1762408334618 7.219251336898395 1350
1762408343886 7.219251336898395 1350
1762408350830 7.2727272727272725 1360
1762408357750 7.32620320855615 1370
1762408364685 7.379679144385027 1380
1762408371599 7.433155080213904 1390
1762408378525 7.4866310160427805 1400
1762408387805 7.4866310160427805 1400
1762408394714 7.540106951871658 1410
1762408401622 7.593582887700535 1420
1762408408560 7.647058823529412 1430
1762408415476 7.7005347593582885 1440
1762408422406 7.754010695187166 1450
1762408431666 7.754010695187166 1450
1762408438587 7.807486631016043 1460
1762408445479 7.86096256684492 1470
1762408452374 7.9144385026737964 1480
1762408459268 7.967914438502674 1490
1762408466182 8.02139037433155 1500
1762408475467 8.02139037433155 1500
1762408483076 8.074866310160427 1510
1762408490005 8.128342245989305 1520
1762408496931 8.181818181818182 1530
1762408503848 8.235294117647058 1540
1762408510773 8.288770053475936 1550
1762408520066 8.288770053475936 1550
1762408526967 8.342245989304812 1560
1762408533872 8.39572192513369 1570
1762408540805 8.449197860962567 1580
1762408547717 8.502673796791443 1590
1762408554654 8.556149732620321 1600
1762408563952 8.556149732620321 1600
1762408570874 8.609625668449198 1610
1762408577783 8.663101604278076 1620
1762408584700 8.716577540106952 1630
1762408591614 8.770053475935828 1640
1762408598488 8.823529411764707 1650
1762408607738 8.823529411764707 1650
1762408614624 8.877005347593583 1660
1762408621525 8.93048128342246 1670
1762408628448 8.983957219251337 1680
1762408635365 9.037433155080214 1690
1762408642262 9.090909090909092 1700
1762408651541 9.090909090909092 1700
1762408658459 9.144385026737968 1710
1762408665396 9.197860962566844 1720
1762408672322 9.251336898395722 1730
1762408679226 9.304812834224599 1740
1762408686143 9.358288770053475 1750
1762408695409 9.358288770053475 1750
1762408703017 9.411764705882353 1760
1762408709947 9.46524064171123 1770
1762408716884 9.518716577540108 1780
1762408723763 9.572192513368984 1790
1762408730688 9.62566844919786 1800
1762408739960 9.62566844919786 1800
1762408746859 9.679144385026738 1810
1762408753784 9.732620320855615 1820
1762408760697 9.786096256684491 1830
1762408767604 9.83957219251337 1840
1762408774497 9.893048128342246 1850
1762408783789 9.893048128342246 1850
1762408790702 9.946524064171124 1860
1762408797587 10.0 1870
1762408804523 10.053475935828876 1880
1762408811403 10.106951871657754 1890
1762408818299 10.16042780748663 1900
1762408827600 10.16042780748663 1900
1762408834515 10.213903743315509 1910
1762408841453 10.267379679144385 1920
1762408848357 10.320855614973262 1930
1762408855260 10.37433155080214 1940
1762408862200 10.427807486631016 1950
1762408871461 10.427807486631016 1950
1762408878365 10.481283422459892 1960
1762408885248 10.53475935828877 1970
1762408892133 10.588235294117647 1980
1762408899041 10.641711229946525 1990
1762408905977 10.695187165775401 2000
1762408915265 10.695187165775401 2000
1762408922866 10.748663101604278 2010
1762408929800 10.802139037433156 2020
1762408936717 10.855614973262032 2030
1762408943641 10.909090909090908 2040
1762408950562 10.962566844919786 2050
1762408959831 10.962566844919786 2050
1762408966738 11.016042780748663 2060
1762408973643 11.06951871657754 2070
1762408980566 11.122994652406417 2080
1762408987480 11.176470588235293 2090
1762408994413 11.229946524064172 2100
1762409003699 11.229946524064172 2100
1762409010632 11.283422459893048 2110
1762409017571 11.336898395721924 2120
1762409024502 11.390374331550802 2130
1762409031408 11.443850267379679 2140
1762409038330 11.497326203208557 2150
1762409047620 11.497326203208557 2150
1762409054554 11.550802139037433 2160
1762409061478 11.60427807486631 2170
1762409068368 11.657754010695188 2180
1762409075277 11.711229946524064 2190
1762409082169 11.764705882352942 2200
1762409091456 11.764705882352942 2200
1762409098388 11.818181818181818 2210
1762409105309 11.871657754010695 2220
1762409112226 11.925133689839573 2230
1762409119125 11.97860962566845 2240
1762409126031 12.032085561497325 2250
1762409135302 12.032085561497325 2250
1762409142937 12.085561497326204 2260
1762409149832 12.13903743315508 2270
1762409156742 12.192513368983958 2280
1762409163655 12.245989304812834 2290
1762409170577 12.29946524064171 2300
1762409179842 12.29946524064171 2300
1762409186771 12.352941176470589 2310
1762409193692 12.406417112299465 2320
1762409200633 12.459893048128341 2330
1762409207565 12.51336898395722 2340
1762409214492 12.566844919786096 2350
1762409223749 12.566844919786096 2350
1762409230655 12.620320855614974 2360
1762409237581 12.67379679144385 2370
1762409244489 12.727272727272727 2380
1762409251409 12.780748663101605 2390
1762409258344 12.834224598930481 2400
1762409267605 12.834224598930481 2400
1762409274515 12.887700534759357 2410
1762409281417 12.941176470588236 2420
1762409288333 12.994652406417112 2430
1762409295254 13.04812834224599 2440
1762409302169 13.101604278074866 2450
1762409311468 13.101604278074866 2450
1762409318373 13.155080213903743 2460
1762409325291 13.20855614973262 2470
1762409332189 13.262032085561497 2480
1762409339100 13.315508021390375 2490
1762409346022 13.368983957219251 2500
1762409355273 13.368983957219251 2500
1762409362878 13.422459893048128 2510
1762409369805 13.475935828877006 2520
1762409376718 13.529411764705882 2530
1762409383607 13.582887700534759 2540
1762409390520 13.636363636363637 2550
1762409399796 13.636363636363637 2550
1762409406726 13.689839572192513 2560
1762409413657 13.743315508021391 2570
1762409420585 13.796791443850267 2580
1762409427516 13.850267379679144 2590
1762409434436 13.903743315508022 2600
1762409443709 13.903743315508022 2600
1762409450644 13.957219251336898 2610
1762409457560 14.010695187165775 2620
1762409464476 14.064171122994653 2630
1762409471358 14.117647058823529 2640
1762409478251 14.171122994652407 2650
1762409487537 14.171122994652407 2650
1762409494416 14.224598930481283 2660
1762409501325 14.27807486631016 2670
1762409508247 14.331550802139038 2680
1762409515160 14.385026737967914 2690
1762409522078 14.43850267379679 2700
1762409531346 14.43850267379679 2700
1762409538246 14.491978609625669 2710
1762409545131 14.545454545454545 2720
1762409552042 14.598930481283423 2730
1762409558943 14.6524064171123 2740
1762409565875 14.705882352941176 2750
1762409575155 14.705882352941176 2750
1762409582759 14.759358288770054 2760
1762409589684 14.81283422459893 2770
1762409596631 14.866310160427808 2780
1762409603552 14.919786096256685 2790
1762409610453 14.973262032085561 2800
1762409619668 14.973262032085561 2800
1762409626553 15.026737967914439 2810
1762409633457 15.080213903743315 2820
1762409640388 15.133689839572192 2830
1762409647296 15.18716577540107 2840
1762409654169 15.240641711229946 2850
1762409663427 15.240641711229946 2850
1762409670369 15.294117647058824 2860
1762409677301 15.3475935828877 2870
1762409684213 15.401069518716577 2880
1762409691131 15.454545454545455 2890
1762409698057 15.508021390374331 2900
1762409707323 15.508021390374331 2900
1762409714226 15.56149732620321 2910
1762409721166 15.614973262032086 2920
1762409728085 15.668449197860962 2930
1762409734944 15.72192513368984 2940
1762409741844 15.775401069518717 2950
1762409751100 15.775401069518717 2950
1762409757987 15.828877005347593 2960
1762409764869 15.882352941176471 2970
1762409771789 15.935828877005347 2980
1762409778708 15.989304812834224 2990
1762409785595 16.0427807486631 3000
1762409794850 16.0427807486631 3000
1762409802511 16.09625668449198 3010
1762409809429 16.149732620320854 3020
1762409816334 16.203208556149733 3030
1762409823242 16.25668449197861 3040
1762409830133 16.310160427807485 3050
1762409839433 16.310160427807485 3050
1762409846365 16.363636363636363 3060
1762409853286 16.41711229946524 3070
1762409860219 16.470588235294116 3080
1762409867139 16.524064171122994 3090
1762409874071 16.577540106951872 3100
1762409883334 16.577540106951872 3100
1762409890275 16.63101604278075 3110
1762409897208 16.684491978609625 3120
1762409904109 16.737967914438503 3130
1762409911047 16.79144385026738 3140
1762409917968 16.844919786096256 3150
1762409927262 16.844919786096256 3150
1762409934194 16.898395721925134 3160
1762409941129 16.951871657754012 3170
1762409948062 17.005347593582886 3180
1762409954990 17.058823529411764 3190
1762409961905 17.112299465240643 3200
1762409971164 17.112299465240643 3200
1762409978108 17.165775401069517 3210
1762409985052 17.219251336898395 3220
1762409991994 17.272727272727273 3230
1762409998936 17.32620320855615 3240
1762410005877 17.379679144385026 3250
1762410015170 17.379679144385026 3250
1762410022828 17.433155080213904 3260
1762410029764 17.486631016042782 3270
1762410036667 17.540106951871657 3280
1762410043577 17.593582887700535 3290
1762410050470 17.647058823529413 3300
1762410059745 17.647058823529413 3300
1762410066685 17.700534759358288 3310
1762410073608 17.754010695187166 3320
1762410080533 17.807486631016044 3330
1762410087444 17.86096256684492 3340
1762410094363 17.914438502673796 3350
1762410103614 17.914438502673796 3350
1762410110515 17.967914438502675 3360
1762410117398 18.02139037433155 3370
1762410124292 18.074866310160427 3380
1762410131184 18.128342245989305 3390
1762410138105 18.181818181818183 3400
1762410147357 18.181818181818183 3400
1762410154260 18.235294117647058 3410
1762410161155 18.288770053475936 3420
1762410168062 18.342245989304814 3430
1762410174987 18.39572192513369 3440
1762410181917 18.449197860962567 3450
1762410191192 18.449197860962567 3450
1762410198106 18.502673796791445 3460
1762410205049 18.55614973262032 3470
1762410211952 18.609625668449198 3480
1762410218862 18.663101604278076 3490
1762410225776 18.71657754010695 3500
1762410235058 18.71657754010695 3500
1762410242668 18.77005347593583 3510
1762410249571 18.823529411764707 3520
1762410256493 18.87700534759358 3530
1762410263415 18.93048128342246 3540
1762410270341 18.983957219251337 3550
1762410279621 18.983957219251337 3550
1762410286547 19.037433155080215 3560
1762410293469 19.09090909090909 3570
1762410300373 19.144385026737968 3580
1762410307297 19.197860962566846 3590
1762410314213 19.25133689839572 3600
1762410323486 19.25133689839572 3600
1762410330392 19.3048128342246 3610
1762410337318 19.358288770053477 3620
1762410344229 19.41176470588235 3630
1762410351124 19.46524064171123 3640
1762410358036 19.518716577540108 3650
1762410367298 19.518716577540108 3650
1762410374223 19.572192513368982 3660
1762410381151 19.62566844919786 3670
1762410388072 19.67914438502674 3680
1762410394969 19.732620320855617 3690
1762410401875 19.78609625668449 3700
1762410411155 19.78609625668449 3700
1762410418099 19.83957219251337 3710
1762410425031 19.893048128342247 3720
1762410431962 19.946524064171122 3730
1762410438915 20.0 3740
1762410445824 20.053475935828878 3750
1762410455137 20.053475935828878 3750
1762410462748 20.106951871657753 3760
1762410469675 20.16042780748663 3770
1762410476590 20.21390374331551 3780
1762410483513 20.267379679144383 3790
1762410490426 20.32085561497326 3800
1762410499719 20.32085561497326 3800
1762410506631 20.37433155080214 3810
1762410513548 20.427807486631018 3820
1762410520453 20.481283422459892 3830
1762410527339 20.53475935828877 3840
1762410534263 20.58823529411765 3850
1762410543500 20.58823529411765 3850
1762410550407 20.641711229946523 3860
1762410557329 20.6951871657754 3870
1762410564230 20.74866310160428 3880
1762410571148 20.802139037433154 3890
1762410578088 20.855614973262032 3900
1762410587384 20.855614973262032 3900
1762410594316 20.90909090909091 3910
1762410601239 20.962566844919785 3920
1762410608164 21.016042780748663 3930
1762410615091 21.06951871657754 3940
1762410622020 21.122994652406415 3950
1762410631292 21.122994652406415 3950
1762410638215 21.176470588235293 3960
1762410645138 21.22994652406417 3970
1762410652039 21.28342245989305 3980
1762410658945 21.336898395721924 3990
1762410665858 21.390374331550802 4000
1762410675117 21.390374331550802 4000
1762410682725 21.44385026737968 4010
1762410689644 21.497326203208555 4020
1762410696537 21.550802139037433 4030
1762410703422 21.60427807486631 4040
1762410710316 21.657754010695186 4050
1762410719594 21.657754010695186 4050
1762410726518 21.711229946524064 4060
1762410733446 21.764705882352942 4070
1762410740337 21.818181818181817 4080
1762410747230 21.871657754010695 4090
1762410754140 21.925133689839573 4100
1762410763438 21.925133689839573 4100
1762410770364 21.97860962566845 4110
1762410777276 22.032085561497325 4120
1762410784181 22.085561497326204 4130
1762410791084 22.13903743315508 4140
1762410798008 22.192513368983956 4150
1762410807298 22.192513368983956 4150
1762410814240 22.245989304812834 4160
1762410821158 22.299465240641712 4170
1762410828081 22.352941176470587 4180
1762410835008 22.406417112299465 4190
1762410841937 22.459893048128343 4200
1762410851248 22.459893048128343 4200
1762410858163 22.513368983957218 4210
1762410865093 22.566844919786096 4220
1762410872015 22.620320855614974 4230
1762410878933 22.67379679144385 4240
1762410885854 22.727272727272727 4250
1762410895156 22.727272727272727 4250
1762410902790 22.780748663101605 4260
1762410909722 22.834224598930483 4270
1762410916652 22.887700534759357 4280
1762410923577 22.941176470588236 4290
1762410930488 22.994652406417114 4300
1762410939749 22.994652406417114 4300
1762410946700 23.048128342245988 4310
1762410953630 23.101604278074866 4320
1762410960500 23.155080213903744 4330
1762410967433 23.20855614973262 4340
1762410974339 23.262032085561497 4350
1762411171897 23.262032085561497 4350
1762411178812 23.315508021390375 4360
1762411185736 23.36898395721925 4370
1762411192643 23.422459893048128 4380
1762411199563 23.475935828877006 4390
1762411206503 23.529411764705884 4400
1762411215795 23.529411764705884 4400
1762411222711 23.58288770053476 4410
1762411229617 23.636363636363637 4420
1762411236515 23.689839572192515 4430
1762411243405 23.74331550802139 4440
1762411250313 23.796791443850267 4450
1762411259578 23.796791443850267 4450
1762411266513 23.850267379679146 4460
1762411273426 23.90374331550802 4470
1762411280390 23.9572192513369 4480
1762411287304 24.010695187165776 4490
1762411294229 24.06417112299465 4500
1762411303506 24.06417112299465 4500
1762411311192 24.11764705882353 4510
1762411318104 24.171122994652407 4520
1762411325026 24.224598930481285 4530
1762411331942 24.27807486631016 4540
1762411338841 24.331550802139038 4550
1762411348112 24.331550802139038 4550
1762411355002 24.385026737967916 4560
1762411361941 24.43850267379679 4570
1762411368858 24.49197860962567 4580
1762411375782 24.545454545454547 4590
1762411382686 24.59893048128342 4600
1762411391940 24.59893048128342 4600
1762411398837 24.6524064171123 4610
1762411405778 24.705882352941178 4620
1762411412717 24.759358288770052 4630
1762411419629 24.81283422459893 4640
1762411426551 24.86631016042781 4650
1762411435842 24.86631016042781 4650
1762411442775 24.919786096256683 4660
1762411449700 24.97326203208556 4670
1762411456621 25.02673796791444 4680
1762411463521 25.080213903743317 4690
1762411470441 25.13368983957219 4700
1762411479743 25.13368983957219 4700
1762411486669 25.18716577540107 4710
1762411493582 25.240641711229948 4720
1762411500521 25.294117647058822 4730
1762411507424 25.3475935828877 4740
1762411514343 25.40106951871658 4750
1762411523626 25.40106951871658 4750
1762411531222 25.454545454545453 4760
1762411538139 25.50802139037433 4770
1762411545049 25.56149732620321 4780
1762411551955 25.614973262032084 4790
1762411558889 25.668449197860962 4800
1762411568155 25.668449197860962 4800
1762411575067 25.72192513368984 4810
1762411581947 25.775401069518715 4820
1762411588880 25.828877005347593 4830
1762411595810 25.88235294117647 4840
1762411602744 25.93582887700535 4850
1762411612029 25.93582887700535 4850
1762411618970 25.989304812834224 4860
1762411625857 26.0427807486631 4870
1762411632796 26.09625668449198 4880
1762411639714 26.149732620320854 4890
1762411646653 26.203208556149733 4900
1762411655952 26.203208556149733 4900
1762411662868 26.25668449197861 4910
1762411669790 26.310160427807485 4920
1762411676700 26.363636363636363 4930
1762411683626 26.41711229946524 4940
1762411690543 26.470588235294116 4950
1762411699794 26.470588235294116 4950
1762411706722 26.524064171122994 4960
1762411713641 26.577540106951872 4970
1762411720571 26.63101604278075 4980
1762411727495 26.684491978609625 4990
1762411734395 26.737967914438503 5000
1762411743653 26.737967914438503 5000
1762411751281 26.79144385026738 5010
1762411758216 26.844919786096256 5020
1762411765135 26.898395721925134 5030
1762411772055 26.951871657754012 5040
1762411778973 27.005347593582886 5050
1762411788269 27.005347593582886 5050
1762411795188 27.058823529411764 5060
1762411802100 27.112299465240643 5070
1762411809032 27.165775401069517 5080
1762411815964 27.219251336898395 5090
1762411822857 27.272727272727273 5100
1762411832156 27.272727272727273 5100
1762411839090 27.32620320855615 5110
1762411846030 27.379679144385026 5120
1762411852974 27.433155080213904 5130
1762411859908 27.486631016042782 5140
1762411866837 27.540106951871657 5150
1762411876118 27.540106951871657 5150
1762411883009 27.593582887700535 5160
1762411889923 27.647058823529413 5170
1762411896822 27.700534759358288 5180
1762411903736 27.754010695187166 5190
1762411910636 27.807486631016044 5200
1762411919884 27.807486631016044 5200
1762411926809 27.86096256684492 5210
1762411933712 27.914438502673796 5220
1762411940617 27.967914438502675 5230
1762411947508 28.02139037433155 5240
1762411954396 28.074866310160427 5250
1762411963689 28.074866310160427 5250
1762411971290 28.128342245989305 5260
1762411978211 28.181818181818183 5270
1762411985122 28.235294117647058 5280
1762411992054 28.288770053475936 5290
1762411999010 28.342245989304814 5300
1762412008285 28.342245989304814 5300
1762412015223 28.39572192513369 5310
1762412022159 28.449197860962567 5320
1762412029098 28.502673796791445 5330
1762412036016 28.55614973262032 5340
1762412042938 28.609625668449198 5350
1762412052194 28.609625668449198 5350
1762412059092 28.663101604278076 5360
1762412066019 28.71657754010695 5370
1762412072940 28.77005347593583 5380
1762412079829 28.823529411764707 5390
1762412086744 28.87700534759358 5400
1762412096034 28.87700534759358 5400
1762412102973 28.93048128342246 5410
1762412109891 28.983957219251337 5420
1762412116798 29.037433155080215 5430
1762412123704 29.09090909090909 5440
1762412130603 29.144385026737968 5450
1762412139869 29.144385026737968 5450
1762412146804 29.197860962566846 5460
1762412153728 29.25133689839572 5470
1762412160612 29.3048128342246 5480
1762412167523 29.358288770053477 5490
1762412174442 29.41176470588235 5500
1762412183728 29.41176470588235 5500
1762412191719 29.46524064171123 5510
1762412198623 29.518716577540108 5520
1762412205509 29.572192513368982 5530
1762412212427 29.62566844919786 5540
1762412219327 29.67914438502674 5550
1762412228612 29.67914438502674 5550
1762412235538 29.732620320855617 5560
1762412242421 29.78609625668449 5570
1762412249363 29.83957219251337 5580
1762412256290 29.893048128342247 5590
1762412263195 29.946524064171122 5600
1762412272492 29.946524064171122 5600
1762412279420 30.0 5610
1762412280130 30.0 5610
