1762407164027 4.378036975860596 10
1762407170960 3.6810123920440674 20
1762407177885 3.1676249504089355 30
1762407184805 3.026700973510742 40
1762407191728 3.101266860961914 50
1762407207943 1.4939161539077759 60
1762407214891 1.7972251176834106 70
1762407221811 1.3636600971221924 80
1762407228754 2.13248872756958 90
1762407235663 1.4298136234283447 100
1762407251831 2.0145328044891357 110
1762407258749 1.4796794652938843 120
1762407265690 1.9782675504684448 130
1762407272603 1.729905128479004 140
1762407279504 1.8745797872543335 150
1762407295675 2.1392853260040283 160
1762407302583 2.2987847328186035 170
1762407309486 2.2322990894317627 180
1762407316374 2.3353614807128906 190
1762407323290 2.070436954498291 200
1762407339485 1.562035083770752 210
1762407346438 2.30299711227417 220
1762407353376 2.0303163528442383 230
1762407360323 2.4516499042510986 240
1762407367230 1.7050065994262695 250
1762407384216 1.9613062143325806 260
1762407391179 1.4619158506393433 270
1762407398105 2.104353904724121 280
1762407404999 2.2305407524108887 290
1762407411918 2.08426833152771 300
1762407428071 2.043226957321167 310
1762407434961 2.1679773330688477 320
1762407441889 2.642070770263672 330
1762407448837 2.3853487968444824 340
1762407455740 2.0719833374023438 350
1762407471887 1.971803069114685 360
1762407478794 2.387660264968872 370
1762407485702 3.243312120437622 380
1762407492597 2.4273555278778076 390
1762407499494 2.0731377601623535 400
1762407515680 2.197679281234741 410
1762407522567 1.8023180961608887 420
1762407529475 1.4028788805007935 430
1762407536384 1.883407473564148 440
1762407543251 2.0930299758911133 450
1762407559397 2.6138787269592285 460
1762407566269 2.0045225620269775 470
1762407573194 2.2696778774261475 480
1762407580076 1.5293396711349487 490
1762407586978 2.1727328300476074 500
1762407603769 1.511423110961914 510
1762407610637 1.9874216318130493 520
1762407617548 1.6069238185882568 530
1762407624443 1.6611745357513428 540
1762407631340 1.9668314456939697 550
1762407647536 1.8803187608718872 560
1762407654465 1.7603328227996826 570
1762407661380 2.3048155307769775 580
1762407668299 1.9672677516937256 590
1762407675213 1.9772835969924927 600
1762407691432 2.1643495559692383 610
1762407698329 1.7959040403366089 620
1762407705253 1.7145910263061523 630
1762407712182 1.5229026079177856 640
1762407719073 1.419549584388733 650
1762407735246 1.8874735832214355 660
1762407742161 44.606075286865234 670
1762407749070 1.7183563709259033 680
1762407755981 1.6777188777923584 690
1762407762897 2.160176992416382 700
1762407779092 2.389822006225586 710
1762407785987 1.4775382280349731 720
1762407792900 1.8656378984451294 730
1762407799798 2.5105185508728027 740
1762407806690 2.1924304962158203 750
1762407823554 1.4852064847946167 760
1762407830489 1.6432807445526123 770
1762407837380 1.884455680847168 780
1762407844297 2.4211320877075195 790
1762407851217 1.5328443050384521 800
1762407867413 1.721359372138977 810
1762407874341 2.482877492904663 820
1762407881250 2.10010027885437 830
1762407888166 1.4008525609970093 840
1762407895065 2.1094822883605957 850
1762407911278 1.5526478290557861 860
1762407918180 1.6430968046188354 870
1762407925103 1.5820690393447876 880
1762407932005 1.4312670230865479 890
1762407938950 1.681304693222046 900
1762407955141 1.8341716527938843 910
1762407962032 2.316110849380493 920
1762407968936 2.0826687812805176 930
1762407975841 2.0644280910491943 940
1762407982765 1.3292018175125122 950
1762407998981 1.829319715499878 960
1762408005878 1.2422096729278564 970
1762408012784 2.2198703289031982 980
1762408019679 2.1103992462158203 990
1762408026577 1.6071629524230957 1000
1762408043424 1.5694040060043335 1010
1762408050351 2.424147605895996 1020
1762408057270 1.4448864459991455 1030
1762408064194 1.5969864130020142 1040
1762408071096 1.6040045022964478 1050
1762408087241 2.395284652709961 1060
1762408094157 1.7293740510940552 1070
1762408101057 1.6336740255355835 1080
1762408107966 1.9463220834732056 1090
1762408114880 1.4368581771850586 1100
1762408130990 1.9284976720809937 1110
1762408137873 1.563300371170044 1120
1762408144744 1.278846025466919 1130
1762408151632 1.8209383487701416 1140
1762408158542 1.6103899478912354 1150
1762408174711 1.7657684087753296 1160
1762408181620 1.8327322006225586 1170
1762408188549 1.9298092126846313 1180
1762408195454 2.0618841648101807 1190
1762408202377 1.4778773784637451 1200
1762408218572 2.313344717025757 1210
1762408225493 2.163452386856079 1220
1762408232423 1.335250973701477 1230
1762408239331 1.4891163110733032 1240
1762408246243 1.4838824272155762 1250
1762408263119 1.7340751886367798 1260
1762408270050 1.605517864227295 1270
1762408276989 2.0022459030151367 1280
1762408283911 1.3443708419799805 1290
1762408290828 2.02683162689209 1300
1762408306979 1.281280755996704 1310
1762408313883 1.8022105693817139 1320
1762408320786 1.4017338752746582 1330
1762408327705 1.6924285888671875 1340
1762408334618 1.379778265953064 1350
1762408350830 1.6248329877853394 1360
1762408357750 1.6044940948486328 1370
1762408364685 2.381999969482422 1380
1762408371599 1.7788162231445312 1390
1762408378525 1.9174116849899292 1400
1762408394714 2.105257272720337 1410
1762408401622 1.461559772491455 1420
1762408408560 1.9175301790237427 1430
1762408415476 2.0263328552246094 1440
1762408422406 2.0571632385253906 1450
1762408438587 1.5364471673965454 1460
1762408445479 1.3492625951766968 1470
1762408452374 1.6713457107543945 1480
1762408459268 2.263460636138916 1490
1762408466182 1.4579004049301147 1500
1762408483076 1.7843096256256104 1510
1762408490005 2.157721757888794 1520
1762408496931 1.9321544170379639 1530
1762408503848 1.4130135774612427 1540
1762408510773 1.9159444570541382 1550
1762408526967 2.206700563430786 1560
1762408533872 1.472969651222229 1570
1762408540805 1.5326201915740967 1580
1762408547717 1.822574496269226 1590
1762408554654 1.791045069694519 1600
1762408570874 1.9868870973587036 1610
1762408577783 1.1752783060073853 1620
1762408584700 2.0081660747528076 1630
1762408591614 1.959258794784546 1640
1762408598488 2.0276875495910645 1650
1762408614624 1.9409854412078857 1660
1762408621525 1.6235746145248413 1670
1762408628448 1.9036388397216797 1680
1762408635365 1.5010861158370972 1690
1762408642262 1.6777862310409546 1700
1762408658459 2.175095796585083 1710
1762408665396 1.8941259384155273 1720
1762408672322 1.9582496881484985 1730
1762408679226 1.6619179248809814 1740
1762408686143 1.973537564277649 1750
1762408703017 1.3774876594543457 1760
1762408709947 1.634852409362793 1770
1762408716884 2.1364026069641113 1780
1762408723763 1.3222262859344482 1790
1762408730688 1.5225037336349487 1800
1762408746859 1.8293317556381226 1810
1762408753784 1.3382351398468018 1820
1762408760697 1.5035618543624878 1830
1762408767604 1.6552751064300537 1840
1762408774497 1.8622318506240845 1850
1762408790702 1.6106497049331665 1860
1762408797587 2.182227611541748 1870
1762408804523 1.4968546628952026 1880
1762408811403 2.176726818084717 1890
1762408818299 2.1017189025878906 1900
1762408834515 1.8761366605758667 1910
1762408841453 1.7725512981414795 1920
1762408848357 1.0796661376953125 1930
1762408855260 1.1957712173461914 1940
1762408862200 1.8631342649459839 1950
1762408878365 1.4243884086608887 1960
1762408885248 2.015763998031616 1970
1762408892133 1.3547784090042114 1980
1762408899041 1.8713887929916382 1990
1762408905977 2.4412357807159424 2000
1762408922866 1.5766987800598145 2010
1762408929800 1.5880024433135986 2020
1762408936717 3.013794422149658 2030
1762408943641 1.7543340921401978 2040
1762408950562 1.5383349657058716 2050
1762408966738 1.8996833562850952 2060
1762408973643 2.2489984035491943 2070
1762408980566 1.4291129112243652 2080
1762408987480 2.0918877124786377 2090
1762408994413 1.6280219554901123 2100
1762409010632 2.1014397144317627 2110
1762409017571 1.3966034650802612 2120
1762409024502 1.4172831773757935 2130
1762409031408 1.7068262100219727 2140
1762409038330 2.6160919666290283 2150
1762409054554 1.359849214553833 2160
1762409061478 1.7342170476913452 2170
1762409068368 1.4982541799545288 2180
1762409075277 1.6608290672302246 2190
1762409082169 1.760413408279419 2200
1762409098388 1.7235193252563477 2210
1762409105309 1.533003568649292 2220
1762409112226 2.439218282699585 2230
1762409119125 1.6672807931900024 2240
1762409126031 1.2016655206680298 2250
1762409142937 1.9497178792953491 2260
1762409149832 1.6276034116744995 2270
1762409156742 1.632759928703308 2280
1762409163655 2.2285878658294678 2290
1762409170577 1.5883818864822388 2300
1762409186771 1.8803654909133911 2310
1762409193692 1.7074804306030273 2320
1762409200633 1.7147029638290405 2330
1762409207565 2.6539864540100098 2340
1762409214492 2.2147653102874756 2350
1762409230655 1.5906362533569336 2360
1762409237581 2.088705062866211 2370
1762409244489 1.7559179067611694 2380
1762409251409 1.8482197523117065 2390
1762409258344 1.2013180255889893 2400
1762409274515 1.9566892385482788 2410
1762409281417 1.5354924201965332 2420
1762409288333 1.8734352588653564 2430
1762409295254 2.1288111209869385 2440
1762409302169 1.5148017406463623 2450
1762409318373 1.3605314493179321 2460
1762409325291 1.611840844154358 2470
1762409332189 1.304801344871521 2480
1762409339100 1.4042537212371826 2490
1762409346022 2.548332691192627 2500
1762409362878 1.6097708940505981 2510
1762409369805 1.9389433860778809 2520
1762409376718 1.7188756465911865 2530
1762409383607 1.8789044618606567 2540
1762409390520 1.1708447933197021 2550
1762409406726 1.7826491594314575 2560
1762409413657 1.472179889678955 2570
1762409420585 1.8823415040969849 2580
1762409427516 1.3934205770492554 2590
1762409434436 2.1606876850128174 2600
1762409450644 2.323622703552246 2610
1762409457560 1.1712883710861206 2620
1762409464476 2.1290810108184814 2630
1762409471358 1.506886601448059 2640
1762409478251 1.6172312498092651 2650
1762409494416 1.5822547674179077 2660
1762409501325 1.6378742456436157 2670
1762409508247 1.1541069746017456 2680
1762409515160 2.234013795852661 2690
1762409522078 1.6436779499053955 2700
1762409538246 2.026284694671631 2710
1762409545131 1.551943063735962 2720
1762409552042 1.8709765672683716 2730
1762409558943 1.3632782697677612 2740
1762409565875 1.9645025730133057 2750
1762409582759 1.5216981172561646 2760
1762409589684 3.2219767570495605 2770
1762409596631 2.0694243907928467 2780
1762409603552 1.838602900505066 2790
1762409610453 2.0368001461029053 2800
1762409626553 1.4180641174316406 2810
1762409633457 1.872628092765808 2820
1762409640388 1.6839430332183838 2830
1762409647296 1.4659695625305176 2840
1762409654169 1.7356996536254883 2850
1762409670369 1.6721851825714111 2860
1762409677301 1.592543601989746 2870
1762409684213 1.284627914428711 2880
1762409691131 1.6136507987976074 2890
1762409698057 2.074544906616211 2900
1762409714226 1.4007903337478638 2910
1762409721166 1.6124831438064575 2920
1762409728085 1.9657055139541626 2930
1762409734944 1.6660212278366089 2940
1762409741844 4.125370979309082 2950
1762409757987 2.34086012840271 2960
1762409764869 1.3423995971679688 2970
1762409771789 1.5133655071258545 2980
1762409778708 1.6900242567062378 2990
1762409785595 1.5939767360687256 3000
1762409802511 1.8694090843200684 3010
1762409809429 2.1605641841888428 3020
1762409816334 1.49493408203125 3030
1762409823242 1.5478806495666504 3040
1762409830133 1.6663453578948975 3050
1762409846365 1.607846736907959 3060
1762409853286 1.8286858797073364 3070
1762409860219 1.973657488822937 3080
1762409867139 1.7539199590682983 3090
1762409874071 2.242060661315918 3100
1762409890275 1.6867135763168335 3110
1762409897208 1.5611635446548462 3120
1762409904109 1.9442158937454224 3130
1762409911047 1.3025522232055664 3140
1762409917968 1.3036723136901855 3150
1762409934194 1.5584768056869507 3160
1762409941129 2.054385185241699 3170
1762409948062 1.4663448333740234 3180
1762409954990 1.5761908292770386 3190
1762409961905 1.3272249698638916 3200
1762409978108 2.243147134780884 3210
1762409985052 1.6702958345413208 3220
1762409991994 1.3669389486312866 3230
1762409998936 1.737252116203308 3240
1762410005877 1.5935083627700806 3250
1762410022828 2.4434585571289062 3260
1762410029764 1.4897791147232056 3270
1762410036667 1.7621592283248901 3280
1762410043577 1.7347629070281982 3290
1762410050470 1.846848726272583 3300
1762410066685 1.6480695009231567 3310
1762410073608 2.1263535022735596 3320
1762410080533 2.1336212158203125 3330
1762410087444 2.063429594039917 3340
1762410094363 1.8607532978057861 3350
1762410110515 1.9476362466812134 3360
1762410117398 1.5471271276474 3370
1762410124292 1.896881103515625 3380
1762410131184 1.3796581029891968 3390
1762410138105 1.5461688041687012 3400
1762410154260 1.715025782585144 3410
1762410161155 2.4433209896087646 3420
1762410168062 1.6975970268249512 3430
1762410174987 1.2666447162628174 3440
1762410181917 1.796656608581543 3450
1762410198106 1.4138952493667603 3460
1762410205049 1.4979267120361328 3470
1762410211952 2.095468282699585 3480
1762410218862 1.3825562000274658 3490
1762410225776 1.4726276397705078 3500
1762410242668 1.4678609371185303 3510
1762410249571 1.5317145586013794 3520
1762410256493 1.5140413045883179 3530
1762410263415 1.7238155603408813 3540
1762410270341 1.5887194871902466 3550
1762410286547 1.4914097785949707 3560
1762410293469 2.131296157836914 3570
1762410300373 1.9106637239456177 3580
1762410307297 1.8990930318832397 3590
1762410314213 1.5334326028823853 3600
1762410330392 1.496138572692871 3610
1762410337318 1.6932857036590576 3620
1762410344229 1.7813228368759155 3630
1762410351124 2.10567307472229 3640
1762410358036 1.6342010498046875 3650
1762410374223 1.4433197975158691 3660
1762410381151 2.152961254119873 3670
1762410388072 1.6435515880584717 3680
1762410394969 2.147115707397461 3690
1762410401875 1.8859063386917114 3700
1762410418099 1.719956636428833 3710
1762410425031 1.5123045444488525 3720
1762410431962 1.5769191980361938 3730
1762410438915 1.8872414827346802 3740
1762410445824 1.4728416204452515 3750
1762410462748 1.4968105554580688 3760
1762410469675 2.0975539684295654 3770
1762410476590 1.89104425907135 3780
1762410483513 1.4889976978302002 3790
1762410490426 1.5162190198898315 3800
1762410506631 1.6336716413497925 3810
1762410513548 1.482933521270752 3820
1762410520453 2.5013301372528076 3830
1762410527339 1.795457363128662 3840
1762410534263 1.4692704677581787 3850
1762410550407 1.8683515787124634 3860
1762410557329 2.1886489391326904 3870
1762410564230 1.4536545276641846 3880
1762410571148 1.767456293106079 3890
1762410578088 2.1376121044158936 3900
1762410594316 1.7669503688812256 3910
1762410601239 1.8985363245010376 3920
1762410608164 1.4606492519378662 3930
1762410615091 1.3762503862380981 3940
1762410622020 1.7477799654006958 3950
1762410638215 1.6183857917785645 3960
1762410645138 1.8771575689315796 3970
1762410652039 1.623603343963623 3980
1762410658945 1.7809958457946777 3990
1762410665858 1.4404715299606323 4000
1762410682725 1.4764699935913086 4010
1762410689644 1.6578850746154785 4020
1762410696537 1.7737752199172974 4030
1762410703422 1.435257911682129 4040
1762410710316 1.7239962816238403 4050
1762410726518 2.1888315677642822 4060
1762410733446 2.2709920406341553 4070
1762410740337 1.7471883296966553 4080
1762410747230 1.9025646448135376 4090
1762410754140 1.9562710523605347 4100
1762410770364 1.4253653287887573 4110
1762410777276 1.6520675420761108 4120
1762410784181 1.5750010013580322 4130
1762410791084 2.2623860836029053 4140
1762410798008 2.6289875507354736 4150
1762410814240 1.835190773010254 4160
1762410821158 1.6229536533355713 4170
1762410828081 1.680846929550171 4180
1762410835008 2.254930019378662 4190
1762410841937 1.7221081256866455 4200
1762410858163 1.812614917755127 4210
1762410865093 2.691511392593384 4220
1762410872015 1.7377071380615234 4230
1762410878933 1.8000434637069702 4240
1762410885854 1.5566117763519287 4250
1762410902790 1.4214602708816528 4260
1762410909722 1.8499935865402222 4270
1762410916652 1.8647592067718506 4280
1762410923577 1.7974154949188232 4290
1762410930488 2.1965715885162354 4300
1762410946700 1.4783711433410645 4310
1762410953630 1.6133158206939697 4320
1762410960500 2.193756580352783 4330
1762410967433 1.3038406372070312 4340
1762410974339 2.398128032684326 4350
1762411178812 1.7774896621704102 4360
1762411185736 1.3053349256515503 4370
1762411192643 1.7595475912094116 4380
1762411199563 1.3902159929275513 4390
1762411206503 1.7467879056930542 4400
1762411222711 1.6554654836654663 4410
1762411229617 1.5023504495620728 4420
1762411236515 2.191655158996582 4430
1762411243405 1.9181958436965942 4440
1762411250313 1.4919918775558472 4450
1762411266513 1.7073848247528076 4460
1762411273426 1.8544046878814697 4470
1762411280390 1.555657148361206 4480
1762411287304 1.4437967538833618 4490
1762411294229 1.5995851755142212 4500
1762411311192 1.8144118785858154 4510
1762411318104 2.0833747386932373 4520
1762411325026 1.5289541482925415 4530
1762411331942 1.996627688407898 4540
1762411338841 1.6526602506637573 4550
1762411355002 1.559130311012268 4560
1762411361941 1.638444185256958 4570
1762411368858 1.8192992210388184 4580
1762411375782 1.5609687566757202 4590
1762411382686 1.6793090105056763 4600
1762411398837 1.5456663370132446 4610
1762411405778 1.784018874168396 4620
1762411412717 1.308898687362671 4630
1762411419629 1.7610981464385986 4640
1762411426551 1.5171552896499634 4650
1762411442775 1.562807559967041 4660
1762411449700 1.594227910041809 4670
1762411456621 1.7483094930648804 4680
1762411463521 1.5478512048721313 4690
1762411470441 1.4947545528411865 4700
1762411486669 1.5409671068191528 4710
1762411493582 1.8765640258789062 4720
1762411500521 1.410519003868103 4730
1762411507424 1.7775741815567017 4740
1762411514343 1.8712472915649414 4750
1762411531222 1.9517478942871094 4760
1762411538139 1.5767465829849243 4770
1762411545049 1.9591810703277588 4780
1762411551955 1.932173252105713 4790
1762411558889 1.4682101011276245 4800
1762411575067 1.5207761526107788 4810
1762411581947 1.5447734594345093 4820
1762411588880 1.5800873041152954 4830
1762411595810 1.6775529384613037 4840
1762411602744 1.4656850099563599 4850
1762411618970 1.6091810464859009 4860
1762411625857 1.4695302248001099 4870
1762411632796 1.722599744796753 4880
1762411639714 1.8532642126083374 4890
1762411646653 1.7312527894973755 4900
1762411662868 1.342164397239685 4910
1762411669790 1.982469081878662 4920
1762411676700 1.699794888496399 4930
1762411683626 1.8540291786193848 4940
1762411690543 1.4682694673538208 4950
1762411706722 1.8111834526062012 4960
1762411713641 1.6937124729156494 4970
1762411720571 1.808982253074646 4980
1762411727495 1.6899727582931519 4990
1762411734395 1.5744200944900513 5000
1762411751281 2.0627501010894775 5010
1762411758216 1.5876206159591675 5020
1762411765135 1.7209076881408691 5030
1762411772055 1.7364227771759033 5040
1762411778973 1.6786715984344482 5050
1762411795188 2.071605920791626 5060
1762411802100 2.0134079456329346 5070
1762411809032 2.019244432449341 5080
1762411815964 1.9518762826919556 5090
1762411822857 1.9869927167892456 5100
1762411839090 1.7608885765075684 5110
1762411846030 1.7103065252304077 5120
1762411852974 1.6283291578292847 5130
1762411859908 1.522223949432373 5140
1762411866837 1.5438631772994995 5150
1762411883009 1.5176142454147339 5160
1762411889923 1.6753045320510864 5170
1762411896822 1.943157434463501 5180
1762411903736 1.5964101552963257 5190
1762411910636 1.4086239337921143 5200
1762411926809 2.114126443862915 5210
1762411933712 1.6074354648590088 5220
1762411940617 1.4939851760864258 5230
1762411947508 1.5220924615859985 5240
1762411954396 1.7864282131195068 5250
1762411971290 1.7415778636932373 5260
1762411978211 1.5903111696243286 5270
1762411985122 1.5314761400222778 5280
1762411992054 1.4422725439071655 5290
1762411999010 1.820921778678894 5300
1762412015223 1.363231897354126 5310
1762412022159 1.7785578966140747 5320
1762412029098 1.6139315366744995 5330
1762412036016 1.8909993171691895 5340
1762412042938 1.6864370107650757 5350
1762412059092 1.4954638481140137 5360
1762412066019 1.598723292350769 5370
1762412072940 1.5767223834991455 5380
1762412079829 1.638365387916565 5390
1762412086744 1.5835813283920288 5400
1762412102973 1.7954802513122559 5410
1762412109891 1.5697699785232544 5420
1762412116798 2.038250684738159 5430
1762412123704 1.6980406045913696 5440
1762412130603 1.6251195669174194 5450
1762412146804 2.0314736366271973 5460
1762412153728 1.6166858673095703 5470
1762412160612 1.6585757732391357 5480
1762412167523 1.656288743019104 5490
1762412174442 1.5455737113952637 5500
1762412191719 1.8584802150726318 5510
1762412198623 1.3903987407684326 5520
1762412205509 1.6587694883346558 5530
1762412212427 1.537119746208191 5540
1762412219327 1.8160735368728638 5550
1762412235538 1.8104909658432007 5560
1762412242421 1.5266560316085815 5570
1762412249363 1.9044114351272583 5580
1762412256290 1.4500796794891357 5590
1762412263195 1.6067661046981812 5600
1762412279420 1.6552531719207764 5610
