1762407164027 4.999968248215712e-05 10
1762407170960 4.999858489996857e-05 20
1762407177885 4.9996703367872714e-05 30
1762407184805 4.9994037944873985e-05 40
1762407191728 4.9990588714559416e-05 50
1762407207943 4.998635578509609e-05 60
1762407214891 4.998133928922772e-05 70
1762407221811 4.997553938427045e-05 80
1762407228754 4.996895625210799e-05 90
1762407235663 4.996159009918585e-05 100
1762407251831 4.99534411565049e-05 110
1762407258749 4.994450967961413e-05 120
1762407265690 4.99347959486026e-05 130
1762407272603 4.9924300268090704e-05 140
1762407279504 4.991302296722058e-05 150
1762407295675 4.99009643996458e-05 160
1762407302583 4.9888124943520286e-05 170
1762407309486 4.987450500148646e-05 180
1762407316374 4.9860105000662584e-05 190
1762407323290 4.984492539262938e-05 200
1762407339485 4.982896665341591e-05 210
1762407346438 4.9812229283484556e-05 220
1762407353376 4.979471380771544e-05 230
1762407360323 4.9776420775389865e-05 240
1762407367230 4.975735076017314e-05 250
1762407384216 4.9737504360096596e-05 260
1762407391179 4.9716882197538785e-05 270
1762407398105 4.9695484919206024e-05 280
1762407404999 4.967331319611206e-05 290
1762407411918 4.965036772355707e-05 300
1762407428071 4.962664922110581e-05 310
1762407434961 4.960215843256511e-05 320
1762407441889 4.9576896125960506e-05 330
1762407448837 4.955086309351213e-05 340
1762407455740 4.9524060151609966e-05 350
1762407471887 4.949648814078811e-05 360
1762407478794 4.946814792569853e-05 370
1762407485702 4.9439040395083903e-05 380
1762407492597 4.940916646174971e-05 390
1762407499494 4.93785270625357e-05 400
1762407515680 4.934712315828641e-05 410
1762407522567 4.93149557338211e-05 420
1762407529475 4.928202579790285e-05 430
1762407536384 4.9248334383206915e-05 440
1762407543251 4.921388254628837e-05 450
1762407559397 4.917867136754893e-05 460
1762407566269 4.914270195120312e-05 470
1762407573194 4.910597542524361e-05 480
1762407580076 4.9068492941405866e-05 490
1762407586978 4.903025567513199e-05 500
1762407603769 4.899126482553393e-05 510
1762407610637 4.8951521615355814e-05 520
1762407617548 4.8911027290935624e-05 530
1762407624443 4.886978312216611e-05 540
1762407631340 4.8827790402454985e-05 550
1762407647536 4.8785050448684335e-05 560
1762407654465 4.874156460116933e-05 570
1762407661380 4.869733422361622e-05 580
1762407668299 4.865236070307953e-05 590
1762407675213 4.860664544991858e-05 600
1762407691432 4.856018989775325e-05 610
1762407698329 4.851299550341906e-05 620
1762407705253 4.8465063746921395e-05 630
1762407712182 4.84163961313892e-05 640
1762407719073 4.836699418302777e-05 650
1762407735246 4.831685945107091e-05 660
1762407742161 4.826599350773234e-05 670
1762407749070 4.821439794815643e-05 680
1762407755981 4.816207439036813e-05 690
1762407762897 4.8109024475222253e-05 700
1762407779092 4.8055249866352e-05 710
1762407785987 4.800075225011681e-05 720
1762407792900 4.794553333554949e-05 730
1762407799798 4.788959485430254e-05 740
1762407806690 4.783293856059398e-05 750
1762407823554 4.777556623115221e-05 760
1762407830489 4.771747966516037e-05 770
1762407837380 4.7658680684199886e-05 780
1762407844297 4.759917113219335e-05 790
1762407851217 4.753895287534673e-05 800
1762407867413 4.747802780209078e-05 810
1762407874341 4.741639782302186e-05 820
1762407881250 4.735406487084204e-05 830
1762407888166 4.7291030900298445e-05 840
1762407895065 4.722729788812198e-05 850
1762407911278 4.716286783296533e-05 860
1762407918180 4.70977427553403e-05 870
1762407925103 4.703192469755444e-05 880
1762407932005 4.696541572364699e-05 890
1762407938950 4.6898217919324164e-05 900
1762407955141 4.683033339189375e-05 910
1762407962032 4.6761764270199e-05 920
1762407968936 4.6692512704551895e-05 930
1762407975841 4.662258086666571e-05 940
1762407982765 4.655197094958689e-05 950
1762407998981 4.648068516762628e-05 960
1762408005878 4.640872575628973e-05 970
1762408012784 4.63360949722079e-05 980
1762408019679 4.626279509306559e-05 990
1762408026577 4.618882841753026e-05 1000
1762408043424 4.611419726517991e-05 1010
1762408050351 4.6038903976430456e-05 1020
1762408057270 4.596295091246221e-05 1030
1762408064194 4.5886340455145874e-05 1040
1762408071096 4.5809075006967896e-05 1050
1762408087241 4.5731156990955046e-05 1060
1762408094157 4.565258885059851e-05 1070
1762408101057 4.55733730497772e-05 1080
1762408107966 4.5493512072680536e-05 1090
1762408114880 4.541300842373048e-05 1100
1762408130990 4.533186462750305e-05 1110
1762408137873 4.5250083228649174e-05 1120
1762408144744 4.5167666791814813e-05 1130
1762408151632 4.508461790156056e-05 1140
1762408158542 4.5000939162280675e-05 1150
1762408174711 4.491663319812125e-05 1160
1762408181620 4.483170265289807e-05 1170
1762408188549 4.474615019001359e-05 1180
1762408195454 4.465997849237352e-05 1190
1762408202377 4.457319026230257e-05 1200
1762408218572 4.4485788221459814e-05 1210
1762408225493 4.439777511075326e-05 1220
1762408232423 4.430915369025394e-05 1230
1762408239331 4.421992673910934e-05 1240
1762408246243 4.4130097055456255e-05 1250
1762408263119 4.403966745633302e-05 1260
1762408270050 4.3948640777591185e-05 1270
1762408276989 4.38570198738066e-05 1280
1762408283911 4.376480761818985e-05 1290
1762408290828 4.367200690249619e-05 1300
1762408306979 4.357862063693486e-05 1310
1762408313883 4.348465175007778e-05 1320
1762408320786 4.3390103188767775e-05 1330
1762408327705 4.32949779180261e-05 1340
1762408334618 4.31992789209595e-05 1350
1762408350830 4.310300919866665e-05 1360
1762408357750 4.3006171770144035e-05 1370
1762408364685 4.290876967219126e-05 1380
1762408371599 4.2810805959315866e-05 1390
1762408378525 4.271228370363748e-05 1400
1762408394714 4.261320599479152e-05 1410
1762408401622 4.2513575939832275e-05 1420
1762408408560 4.2413396663135506e-05 1430
1762408415476 4.231267130630042e-05 1440
1762408422406 4.2211403028051185e-05 1450
1762408438587 4.210959500413786e-05 1460
1762408445479 4.2007250427236774e-05 1470
1762408452374 4.1904372506850484e-05 1480
1762408459268 4.180096446920705e-05 1490
1762408466182 4.169702955715888e-05 1500
1762408483076 4.1592571030081074e-05 1510
1762408490005 4.148759216376915e-05 1520
1762408496931 4.1382096250336346e-05 1530
1762408503848 4.127608659811039e-05 1540
1762408510773 4.1169566531529756e-05 1550
1762408526967 4.106253939103937e-05 1560
1762408533872 4.0955008532985885e-05 1570
1762408540805 4.084697732951244e-05 1580
1762408547717 4.0738449168452854e-05 1590
1762408554654 4.0629427453225465e-05 1600
1762408570874 4.051991560272633e-05 1610
1762408577783 4.0409917051222055e-05 1620
1762408584700 4.0299435248242065e-05 1630
1762408591614 4.0188473658470426e-05 1640
1762408598488 4.007703576163724e-05 1650
1762408614624 3.9965125052409475e-05 1660
1762408621525 3.985274504028138e-05 1670
1762408628448 3.973989924946445e-05 1680
1762408635365 3.962659121877689e-05 1690
1762408642262 3.951282450153262e-05 1700
1762408658459 3.939860266542991e-05 1710
1762408665396 3.9283929292439403e-05 1720
1762408672322 3.916880797869187e-05 1730
1762408679226 3.9053242334365384e-05 1740
1762408686143 3.893723598357214e-05 1750
1762408703017 3.882079256424478e-05 1760
1762408709947 3.87039157280223e-05 1770
1762408716884 3.858660914013557e-05 1780
1762408723763 3.846887647929237e-05 1790
1762408730688 3.835072143756203e-05 1800
1762408746859 3.823214772025964e-05 1810
1762408753784 3.8113159045829864e-05 1820
1762408760697 3.7993759145730335e-05 1830
1762408767604 3.787395176431462e-05 1840
1762408774497 3.775374065871482e-05 1850
1762408790702 3.7633129598723704e-05 1860
1762408797587 3.7512122366676554e-05 1870
1762408804523 3.7390722757332505e-05 1880
1762408811403 3.726893457775554e-05 1890
1762408818299 3.7146761647195135e-05 1900
1762408834515 3.702420779696646e-05 1910
1762408841453 3.6901276870330236e-05 1920
1762408848357 3.6777972722372224e-05 1930
1762408855260 3.665429921988231e-05 1940
1762408862200 3.6530260241233264e-05 1950
1762408878365 3.640585967625909e-05 1960
1762408885248 3.628110142613308e-05 1970
1762408892133 3.6155989403245404e-05 1980
1762408899041 3.603052753108053e-05 1990
1762408905977 3.5904719744094084e-05 2000
1762408922866 3.5778569987589485e-05 2010
1762408929800 3.5652082217594254e-05 2020
1762408936717 3.5525260400735964e-05 2030
1762408943641 3.5398108514117785e-05 2040
1762408950562 3.5270630545193816e-05 2050
1762408966738 3.5142830491644005e-05 2060
1762408973643 3.5014712361248834e-05 2070
1762408980566 3.488628017176356e-05 2080
1762408987480 3.475753795079231e-05 2090
1762408994413 3.462848973566168e-05 2100
1762409010632 3.4499139573294196e-05 2110
1762409017571 3.436949152008138e-05 2120
1762409024502 3.423954964175655e-05 2130
1762409031408 3.4109318013267285e-05 2140
1762409038330 3.3978800718647697e-05 2150
1762409054554 3.3848001850890296e-05 2160
1762409061478 3.3716925511817684e-05 2170
1762409068368 3.3585575811953875e-05 2180
1762409075277 3.345395687039543e-05 2190
1762409082169 3.332207281468227e-05 2200
1762409098388 3.318992778066823e-05 2210
1762409105309 3.305752591239136e-05 2220
1762409112226 3.292487136194399e-05 2230
1762409119125 3.2791968289342483e-05 2240
1762409126031 3.2658820862396825e-05 2250
1762409142937 3.2525433256579875e-05 2260
1762409149832 3.2391809654896454e-05 2270
1762409156742 3.225795424775217e-05 2280
1762409163655 3.212387123282199e-05 2290
1762409170577 3.19895648149186e-05 2300
1762409186771 3.185503920586056e-05 2310
1762409193692 3.172029862434023e-05 2320
1762409200633 3.158534729579142e-05 2330
1762409207565 3.1450189452256955e-05 2340
1762409214492 3.131482933225591e-05 2350
1762409230655 3.1179271180650696e-05 2360
1762409237581 3.104351924851396e-05 2370
1762409244489 3.0907577792995246e-05 2380
1762409251409 3.077145107718754e-05 2390
1762409258344 3.0635143369993524e-05 2400
1762409274515 3.049865894599172e-05 2410
1762409281417 3.0362002085302473e-05 2420
1762409288333 3.022517707345368e-05 2430
1762409295254 3.0088188201246454e-05 2440
1762409302169 2.9951039764620492e-05 2450
1762409318373 2.9813736064519405e-05 2460
1762409325291 2.9676281406755857e-05 2470
1762409332189 2.9538680101876482e-05 2480
1762409339100 2.9400936465026746e-05 2490
1762409346022 2.92630548158156e-05 2500
1762409362878 2.912503947818004e-05 2510
1762409369805 2.8986894780249524e-05 2520
1762409376718 2.884862505421017e-05 2530
1762409383607 2.8710234636169e-05 2540
1762409390520 2.8571727866017856e-05 2550
1762409406726 2.84331090872974e-05 2560
1762409413657 2.829438264706085e-05 2570
1762409420585 2.8155552895737647e-05 2580
1762409427516 2.8016624186997052e-05 2590
1762409434436 2.7877600877611615e-05 2600
1762409450644 2.7738487327320527e-05 2610
1762409457560 2.7599287898692927e-05 2620
1762409464476 2.746000695699107e-05 2630
1762409471358 2.7320648870033455e-05 2640
1762409478251 2.7181218008057813e-05 2650
1762409494416 2.7041718743584103e-05 2660
1762409501325 2.6902155451277377e-05 2670
1762409508247 2.6762532507810568e-05 2680
1762409515160 2.6622854291727274e-05 2690
1762409522078 2.648312518330439e-05 2700
1762409538246 2.6343349564414837e-05 2710
1762409545131 2.620353181839006e-05 2720
1762409552042 2.6063676329882602e-05 2730
1762409558943 2.592378748472863e-05 2740
1762409565875 2.5783869669810325e-05 2750
1762409582759 2.5643927272918377e-05 2760
1762409589684 2.550396468261437e-05 2770
1762409596631 2.536398628809313e-05 2780
1762409603552 2.5223996479045115e-05 2790
1762409610453 2.5083999645518723e-05 2800
1762409626553 2.494400017778265e-05 2810
1762409633457 2.4804002466188205e-05 2820
1762409640388 2.46640109010316e-05 2830
1762409647296 2.4524029872416333e-05 2840
1762409654169 2.4384063770115455e-05 2850
1762409670369 2.4244116983433926e-05 2860
1762409677301 2.4104193901070993e-05 2870
1762409684213 2.396429891098251e-05 2880
1762409691131 2.3824436400243403e-05 2890
1762409698057 2.3684610754910038e-05 2900
1762409714226 2.3544826359882666e-05 2910
1762409721166 2.3405087598767975e-05 2920
1762409728085 2.3265398853741547e-05 2930
1762409734944 2.3125764505410505e-05 2940
1762409741844 2.2986188932676094e-05 2950
1762409757987 2.2846676512596354e-05 2960
1762409764869 2.270723162024889e-05 2970
1762409771789 2.2567858628593636e-05 2980
1762409778708 2.2428561908335758e-05 2990
1762409785595 2.2289345827788562e-05 3000
1762409802511 2.2150214752736488e-05 3010
1762409809429 2.2011173046298258e-05 3020
1762409816334 2.1872225068789987e-05 3030
1762409823242 2.173337517758849e-05 3040
1762409830133 2.1594627726994615e-05 3050
1762409846365 2.1455987068096682e-05 3060
1762409853286 2.1317457548634058e-05 3070
1762409860219 2.117904351286082e-05 3080
1762409867139 2.104074930140947e-05 3090
1762409874071 2.090257925115487e-05 3100
1762409890275 2.0764537695078196e-05 3110
1762409897208 2.062662896213109e-05 3120
1762409904109 2.0488857377099914e-05 3130
1762409911047 2.035122726047004e-05 3140
1762409917968 2.0213742928290492e-05 3150
1762409934194 2.007640869203847e-05 3160
1762409941129 1.9939228858484237e-05 3170
1762409948062 1.980220772955602e-05 3180
1762409954990 1.966534960220508e-05 3190
1762409961905 1.952865876827102e-05 3200
1762409978108 1.939213951434712e-05 3210
1762409985052 1.9255796121645985e-05 3220
1762409991994 1.9119632865865254e-05 3230
1762409998936 1.8983654017053463e-05 3240
1762410005877 1.8847863839476263e-05 3250
1762410022828 1.8712266591482545e-05 3260
1762410029764 1.8576866525371022e-05 3270
1762410036667 1.8441667887256824e-05 3280
1762410043577 1.8306674916938303e-05 3290
1762410050470 1.817189184776417e-05 3300
1762410066685 1.8037322906500655e-05 3310
1762410073608 1.790297231319898e-05 3320
1762410080533 1.7768844281063057e-05 3330
1762410087444 1.7634943016317284e-05 3340
1762410094363 1.7501272718074737e-05 3350
1762410110515 1.7367837578205392e-05 3360
1762410117398 1.723464178120473e-05 3370
1762410124292 1.7101689504062506e-05 3380
1762410131184 1.6968984916131716e-05 3390
1762410138105 1.683653217899792e-05 3400
1762410154260 1.670433544634866e-05 3410
1762410161155 1.6572398863843253e-05 3420
1762410168062 1.6440726568982766e-05 3430
1762410174987 1.630932269098025e-05 3440
1762410181917 1.6178191350631297e-05 3450
1762410198106 1.6047336660184746e-05 3460
1762410205049 1.591676272321378e-05 3470
1762410211952 1.5786473634487215e-05 3480
1762410218862 1.5656473479841072e-05 3490
1762410225776 1.5526766336050495e-05 3500
1762410242668 1.5397356270701856e-05 3510
1762410249571 1.5268247342065215e-05 3520
1762410256493 1.5139443598967062e-05 3530
1762410263415 1.5010949080663323e-05 3540
1762410270341 1.4882767816712734e-05 3550
1762410286547 1.4754903826850408e-05 3560
1762410293469 1.4627361120861849e-05 3570
1762410300373 1.4500143698457157e-05 3580
1762410307297 1.4373255549145597e-05 3590
1762410314213 1.4246700652110551e-05 3600
1762410330392 1.4120482976084636e-05 3610
1762410337318 1.399460647922532e-05 3620
1762410344229 1.3869075108990773e-05 3630
1762410351124 1.3743892802016054e-05 3640
1762410358036 1.3619063483989708e-05 3650
1762410374223 1.3494591069530605e-05 3660
1762410381151 1.3370479462065188e-05 3670
1762410388072 1.3246732553705116e-05 3680
1762410394969 1.3123354225125128e-05 3690
1762410401875 1.3000348345441416e-05 3700
1762410418099 1.2877718772090238e-05 3710
1762410425031 1.275546935070697e-05 3720
1762410431962 1.2633603915005534e-05 3730
1762410438915 1.2512126286658116e-05 3740
1762410445824 1.2391040275175388e-05 3750
1762410462748 1.227034967778698e-05 3760
1762410469675 1.215005827932242e-05 3770
1762410476590 1.2030169852092482e-05 3780
1762410483513 1.191068815577082e-05 3790
1762410490426 1.1791616937276132e-05 3800
1762410506631 1.1672959930654597e-05 3810
1762410513548 1.1554720856962809e-05 3820
1762410520453 1.1436903424151105e-05 3830
1762410527339 1.1319511326947222e-05 3840
1762410534263 1.1202548246740507e-05 3850
1762410550407 1.1086017851466413e-05 3860
1762410557329 1.096992379549148e-05 3870
1762410564230 1.085426971949878e-05 3880
1762410571148 1.0739059250373681e-05 3890
1762410578088 1.062429600109017e-05 3900
1762410594316 1.05099835705975e-05 3910
1762410601239 1.0396125543707349e-05 3920
1762410608164 1.0282725490981429e-05 3930
1762410615091 1.0169786968619447e-05 3940
1762410622020 1.005731351834766e-05 3950
1762410638215 9.945308667307755e-06 3960
1762410645138 9.833775927946238e-06 3970
1762410652039 9.722718797904335e-06 3980
1762410658945 9.612140759908236e-06 3990
1762410665858 9.502045281659954e-06 4000
1762410682725 9.392435815728506e-06 4010
1762410689644 9.283315799441675e-06 4020
1762410696537 9.174688654778243e-06 4030
1762410703422 9.066557788260619e-06 4040
1762410710316 8.958926590848065e-06 4050
1762410726518 8.851798437830323e-06 4060
1762410733446 8.745176688721771e-06 4070
1762410740337 8.639064687156098e-06 4080
1762410747230 8.533465760781403e-06 4090
1762410754140 8.428383221155887e-06 4100
1762410770364 8.323820363643965e-06 4110
1762410777276 8.21978046731293e-06 4120
1762410784181 8.116266794830164e-06 4130
1762410791084 8.013282592360754e-06 4140
1762410798008 7.910831089465765e-06 4150
1762410814240 7.808915499000894e-06 4160
1762410821158 7.70753901701575e-06 4170
1762410828081 7.606704822653649e-06 4180
1762410835008 7.506416078051856e-06 4190
1762410841937 7.40667592824249e-06 4200
1762410858163 7.307487501053842e-06 4210
1762410865093 7.2088539070122975e-06 4220
1762410872015 7.110778239244837e-06 4230
1762410878933 7.013263573381965e-06 4240
1762410885854 6.916312967461319e-06 4250
1762410902790 6.819929461831731e-06 4260
1762410909722 6.724116079057899e-06 4270
1762410916652 6.628875823825612e-06 4280
1762410923577 6.534211682847485e-06 4290
1762410930488 6.4401266247693545e-06 4300
1762410946700 6.346623600077125e-06 4310
1762410953630 6.253705541004265e-06 4320
1762410960500 6.16137536143988e-06 4330
1762410967433 6.06963595683728e-06 4340
1762410974339 5.97849020412323e-06 4350
1762411178812 5.887940961607691e-06 4360
1762411185736 5.797991068894201e-06 4370
1762411192643 5.708643346790849e-06 4380
1762411199563 5.619900597221753e-06 4390
1762411206503 5.531765603139269e-06 4400
1762411222711 5.444241128436656e-06 4410
1762411229617 5.35732991786142e-06 4420
1762411236515 5.271034696929273e-06 4430
1762411243405 5.185358171838598e-06 4440
1762411250313 5.10030302938565e-06 4450
1762411266513 5.015871936880243e-06 4460
1762411273426 4.932067542062127e-06 4470
1762411280390 4.848892473017982e-06 4480
1762411287304 4.766349338098944e-06 4490
1762411294229 4.684440725838862e-06 4500
1762411311192 4.603169204873087e-06 4510
1762411318104 4.522537323857929e-06 4520
1762411325026 4.442547611390754e-06 4530
1762411331942 4.36320257593065e-06 4540
1762411338841 4.2845047057197966e-06 4550
1762411355002 4.206456468705411e-06 4560
1762411361941 4.129060312462349e-06 4570
1762411368858 4.052318664116394e-06 4580
1762411375782 3.976233930268081e-06 4590
1762411382686 3.900808496917277e-06 4600
1762411398837 3.826044729388326e-06 4610
1762411405778 3.7519449722558803e-06 4620
1762411412717 3.6785115492713905e-06 4630
1762411419629 3.605746763290205e-06 4640
1762411426551 3.533652896199385e-06 4650
1762411442775 3.462232208846117e-06 4660
1762411449700 3.391486940966823e-06 4670
1762411456621 3.321419311116936e-06 4680
1762411463521 3.2520315166013116e-06 4690
1762411470441 3.183325733405318e-06 4700
1762411486669 3.1153041161266134e-06 4710
1762411493582 3.0479687979075523e-06 4720
1762411500521 2.98132189036833e-06 4730
1762411507424 2.915365483540733e-06 4740
1762411514343 2.850101645802594e-06 4750
1762411531222 2.7855324238129503e-06 4760
1762411538139 2.7216598424478296e-06 4770
1762411545049 2.6584859047367905e-06 4780
1762411551955 2.5960125918000788e-06 4790
1762411558889 2.5342418627865017e-06 4800
1762411575067 2.4731756548119987e-06 4810
1762411581947 2.412815882898886e-06 4820
1762411588880 2.3531644399158197e-06 4830
1762411595810 2.294223196518419e-06 4840
1762411602744 2.2359940010905855e-06 4850
1762411618970 2.1784786796865882e-06 4860
1762411625857 2.1216790359737506e-06 4870
1762411632796 2.0655968511759134e-06 4880
1762411639714 2.0102338840175843e-06 4890
1762411646653 1.9555918706687383e-06 4900
1762411662868 1.9016725246904316e-06 4910
1762411669790 1.848477536981022e-06 4920
1762411676700 1.7960085757231626e-06 4930
1762411683626 1.7442672863314968e-06 4940
1762411690543 1.693255291401008e-06 4950
1762411706722 1.642974190656213e-06 4960
1762411713641 1.593425560900927e-06 4970
1762411720571 1.5446109559688533e-06 4980
1762411727495 1.49653190667485e-06 4990
1762411734395 1.449189920766897e-06 5000
1762411751281 1.4025864828788594e-06 5010
1762411758216 1.3567230544838882e-06 5020
1762411765135 1.3116010738486174e-06 5030
1762411772055 1.2672219559880487e-06 5040
1762411778973 1.2235870926211619e-06 5050
1762411795188 1.180697852127302e-06 5060
1762411802100 1.138555579503242e-06 5070
1762411809032 1.0971615963210196e-06 5080
1762411815964 1.0565172006864909e-06 5090
1762411822857 1.016623667198599e-06 5100
1762411839090 9.77482246909439e-07 5110
1762411846030 9.390941672849985e-07 5120
1762411852974 9.014606321666869e-07 5130
1762411859908 8.64582821733556e-07 5140
1762411866837 8.28461892465307e-07 5150
1762411883009 7.930989771060299e-07 5160
1762411889923 7.584951846286631e-07 5170
1762411896822 7.246516002002268e-07 5180
1762411903736 6.915692851477945e-07 5190
1762411910636 6.592492769252001e-07 5200
1762411926809 6.276925890805141e-07 5210
1762411933712 5.969002112242494e-07 5220
1762411940617 5.668731089983393e-07 5230
1762411947508 5.37612224045847e-07 5240
1762411954396 5.091184739814264e-07 5250
1762411971290 4.81392752362575e-07 5260
1762411978211 4.5443592866157846e-07 5270
1762411985122 4.2824884823826903e-07 5280
1762411992054 4.028323323134991e-07 5290
1762411999010 3.7818717794339544e-07 5300
1762412015223 3.543141579943676e-07 5310
1762412022159 3.312140211188641e-07 5320
1762412029098 3.0888749173189344e-07 5330
1762412036016 2.873352699883175e-07 5340
1762412042938 2.6655803176087734e-07 5350
1762412059092 2.4655642861901863e-07 5360
1762412066019 2.2733108780843838e-07 5370
1762412072940 2.0888261223143135e-07 5380
1762412079829 1.912115804279746e-07 5390
1762412086744 1.743185465575864e-07 5400
1762412102973 1.582040403819457e-07 5410
1762412109891 1.4286856724828047e-07 5420
1762412116798 1.2831260807352196e-07 5430
1762412123704 1.1453661932922799e-07 5440
1762412130603 1.0154103302724983e-07 5450
1762412146804 8.932625670620421e-08 5460
1762412153728 7.789267341868355e-08 5470
1762412160612 6.724064171924893e-08 5480
1762412167523 5.737049565317787e-08 5490
1762412174442 4.828254474599503e-08 5500
1762412191719 3.9977073993757716e-08 5510
1762412198623 3.245434385413804e-08 5520
1762412205509 2.571459023822942e-08 5530
1762412212427 1.9758024503163665e-08 5540
1762412219327 1.4584833445480117e-08 5550
1762412235538 1.0195179295269252e-08 5560
1762412242421 6.589199711082295e-09 5570
1762412249363 3.767007775612452e-09 5580
1762412256290 1.728691992156084e-09 5590
1762412263195 4.743162818288127e-10 5600
1762412279420 3.919981564348696e-12 5610
