1762407164027 4.7183 10
1762407170960 3.7275 20
1762407177885 2.919 30
1762407184805 2.2805 40
1762407191728 1.6177 50
1762407207943 1.1153 60
1762407214891 0.8933 70
1762407221811 0.7883 80
1762407228754 0.7507 90
1762407235663 0.6868 100
1762407251831 0.669 110
1762407258749 0.6554 120
1762407265690 0.6095 130
1762407272603 0.6057 140
1762407279504 0.5982 150
1762407295675 0.5784 160
1762407302583 0.5569 170
1762407309486 0.5445 180
1762407316374 0.542 190
1762407323290 0.5414 200
1762407339485 0.5253 210
1762407346438 0.5133 220
1762407353376 0.5153 230
1762407360323 0.5064 240
1762407367230 0.5125 250
1762407384216 0.4891 260
1762407391179 0.4839 270
1762407398105 0.4994 280
1762407404999 0.496 290
1762407411918 0.458 300
1762407428071 0.4812 310
1762407434961 0.466 320
1762407441889 0.4563 330
1762407448837 0.4354 340
1762407455740 0.4675 350
1762407471887 0.4421 360
1762407478794 0.4463 370
1762407485702 0.4549 380
1762407492597 0.4698 390
1762407499494 0.4469 400
1762407515680 0.4382 410
1762407522567 0.4389 420
1762407529475 0.4298 430
1762407536384 0.4537 440
1762407543251 0.4165 450
1762407559397 0.4418 460
1762407566269 0.422 470
1762407573194 0.4354 480
1762407580076 0.4356 490
1762407586978 0.4458 500
1762407603769 0.421 510
1762407610637 0.4358 520
1762407617548 0.4087 530
1762407624443 0.4228 540
1762407631340 0.4194 550
1762407647536 0.4239 560
1762407654465 0.3963 570
1762407661380 0.42 580
1762407668299 0.3991 590
1762407675213 0.4199 600
1762407691432 0.4138 610
1762407698329 0.416 620
1762407705253 0.4215 630
1762407712182 0.3913 640
1762407719073 0.3962 650
1762407735246 0.4044 660
1762407742161 0.4282 670
1762407749070 0.3948 680
1762407755981 0.4051 690
1762407762897 0.4151 700
1762407779092 0.3904 710
1762407785987 0.4114 720
1762407792900 0.415 730
1762407799798 0.4065 740
1762407806690 0.399 750
1762407823554 0.4007 760
1762407830489 0.406 770
1762407837380 0.381 780
1762407844297 0.3911 790
1762407851217 0.3878 800
1762407867413 0.3827 810
1762407874341 0.4029 820
1762407881250 0.3804 830
1762407888166 0.382 840
1762407895065 0.3838 850
1762407911278 0.3905 860
1762407918180 0.3811 870
1762407925103 0.3868 880
1762407932005 0.3925 890
1762407938950 0.4082 900
1762407955141 0.3869 910
1762407962032 0.3966 920
1762407968936 0.3769 930
1762407975841 0.4018 940
1762407982765 0.3775 950
1762407998981 0.3898 960
1762408005878 0.3773 970
1762408012784 0.3568 980
1762408019679 0.3725 990
1762408026577 0.3767 1000
1762408043424 0.3675 1010
1762408050351 0.364 1020
1762408057270 0.39 1030
1762408064194 0.3825 1040
1762408071096 0.3739 1050
1762408087241 0.3826 1060
1762408094157 0.3748 1070
1762408101057 0.3791 1080
1762408107966 0.3707 1090
1762408114880 0.3684 1100
1762408130990 0.3689 1110
1762408137873 0.3823 1120
1762408144744 0.3566 1130
1762408151632 0.356 1140
1762408158542 0.3599 1150
1762408174711 0.3809 1160
1762408181620 0.362 1170
1762408188549 0.3521 1180
1762408195454 0.3587 1190
1762408202377 0.3457 1200
1762408218572 0.3654 1210
1762408225493 0.3693 1220
1762408232423 0.3531 1230
1762408239331 0.3457 1240
1762408246243 0.3608 1250
1762408263119 0.3709 1260
1762408270050 0.361 1270
1762408276989 0.3579 1280
1762408283911 0.3421 1290
1762408290828 0.3523 1300
1762408306979 0.3473 1310
1762408313883 0.3415 1320
1762408320786 0.3456 1330
1762408327705 0.3344 1340
1762408334618 0.3283 1350
1762408350830 0.3414 1360
1762408357750 0.3342 1370
1762408364685 0.3328 1380
1762408371599 0.3211 1390
1762408378525 0.3237 1400
1762408394714 0.3081 1410
1762408401622 0.3133 1420
1762408408560 0.2867 1430
1762408415476 0.3001 1440
1762408422406 0.2897 1450
1762408438587 0.2956 1460
1762408445479 0.2825 1470
1762408452374 0.279 1480
1762408459268 0.2721 1490
1762408466182 0.2708 1500
1762408483076 0.2561 1510
1762408490005 0.2514 1520
1762408496931 0.2441 1530
1762408503848 0.2481 1540
1762408510773 0.2458 1550
1762408526967 0.2597 1560
1762408533872 0.24 1570
1762408540805 0.2346 1580
1762408547717 0.2419 1590
1762408554654 0.2471 1600
1762408570874 0.2357 1610
1762408577783 0.2397 1620
1762408584700 0.2565 1630
1762408591614 0.24 1640
1762408598488 0.2389 1650
1762408614624 0.2387 1660
1762408621525 0.2507 1670
1762408628448 0.233 1680
1762408635365 0.2219 1690
1762408642262 0.23 1700
1762408658459 0.2229 1710
1762408665396 0.2334 1720
1762408672322 0.2306 1730
1762408679226 0.2495 1740
1762408686143 0.229 1750
1762408703017 0.2245 1760
1762408709947 0.232 1770
1762408716884 0.231 1780
1762408723763 0.2246 1790
1762408730688 0.2371 1800
1762408746859 0.2225 1810
1762408753784 0.225 1820
1762408760697 0.2227 1830
1762408767604 0.2253 1840
1762408774497 0.2341 1850
1762408790702 0.2341 1860
1762408797587 0.2392 1870
1762408804523 0.2194 1880
1762408811403 0.2227 1890
1762408818299 0.2104 1900
1762408834515 0.2153 1910
1762408841453 0.2225 1920
1762408848357 0.2148 1930
1762408855260 0.2293 1940
1762408862200 0.2309 1950
1762408878365 0.2221 1960
1762408885248 0.227 1970
1762408892133 0.2164 1980
1762408899041 0.2294 1990
1762408905977 0.2229 2000
1762408922866 0.2296 2010
1762408929800 0.2186 2020
1762408936717 0.2229 2030
1762408943641 0.226 2040
1762408950562 0.2211 2050
1762408966738 0.2181 2060
1762408973643 0.22 2070
1762408980566 0.217 2080
1762408987480 0.2175 2090
1762408994413 0.2158 2100
1762409010632 0.2134 2110
1762409017571 0.2247 2120
1762409024502 0.2072 2130
1762409031408 0.2122 2140
1762409038330 0.2116 2150
1762409054554 0.2259 2160
1762409061478 0.2115 2170
1762409068368 0.2202 2180
1762409075277 0.2138 2190
1762409082169 0.2135 2200
1762409098388 0.21 2210
1762409105309 0.2173 2220
1762409112226 0.2125 2230
1762409119125 0.2236 2240
1762409126031 0.2099 2250
1762409142937 0.2127 2260
1762409149832 0.2056 2270
1762409156742 0.207 2280
1762409163655 0.2153 2290
1762409170577 0.2069 2300
1762409186771 0.2106 2310
1762409193692 0.2078 2320
1762409200633 0.2042 2330
1762409207565 0.2164 2340
1762409214492 0.2121 2350
1762409230655 0.2219 2360
1762409237581 0.2115 2370
1762409244489 0.2066 2380
1762409251409 0.2125 2390
1762409258344 0.2049 2400
1762409274515 0.2062 2410
1762409281417 0.2143 2420
1762409288333 0.2132 2430
1762409295254 0.2042 2440
1762409302169 0.2015 2450
1762409318373 0.1993 2460
1762409325291 0.2122 2470
1762409332189 0.2056 2480
1762409339100 0.2002 2490
1762409346022 0.2054 2500
1762409362878 0.2007 2510
1762409369805 0.2051 2520
1762409376718 0.2108 2530
1762409383607 0.2129 2540
1762409390520 0.1969 2550
1762409406726 0.2113 2560
1762409413657 0.196 2570
1762409420585 0.2153 2580
1762409427516 0.2038 2590
1762409434436 0.2076 2600
1762409450644 0.2032 2610
1762409457560 0.2019 2620
1762409464476 0.1968 2630
1762409471358 0.2001 2640
1762409478251 0.2015 2650
1762409494416 0.2012 2660
1762409501325 0.2141 2670
1762409508247 0.1854 2680
1762409515160 0.1979 2690
1762409522078 0.2029 2700
1762409538246 0.1948 2710
1762409545131 0.1946 2720
1762409552042 0.1948 2730
1762409558943 0.1963 2740
1762409565875 0.2047 2750
1762409582759 0.2068 2760
1762409589684 0.2119 2770
1762409596631 0.2083 2780
1762409603552 0.2022 2790
1762409610453 0.1959 2800
1762409626553 0.1977 2810
1762409633457 0.1875 2820
1762409640388 0.1919 2830
1762409647296 0.2001 2840
1762409654169 0.196 2850
1762409670369 0.2007 2860
1762409677301 0.1942 2870
1762409684213 0.1971 2880
1762409691131 0.1915 2890
1762409698057 0.1849 2900
1762409714226 0.1991 2910
1762409721166 0.1979 2920
1762409728085 0.2052 2930
1762409734944 0.2007 2940
1762409741844 0.1991 2950
1762409757987 0.2027 2960
1762409764869 0.2019 2970
1762409771789 0.1987 2980
1762409778708 0.2004 2990
1762409785595 0.1862 3000
1762409802511 0.1918 3010
1762409809429 0.1874 3020
1762409816334 0.1886 3030
1762409823242 0.1954 3040
1762409830133 0.1929 3050
1762409846365 0.1997 3060
1762409853286 0.1968 3070
1762409860219 0.1958 3080
1762409867139 0.1896 3090
1762409874071 0.1966 3100
1762409890275 0.1909 3110
1762409897208 0.1953 3120
1762409904109 0.1904 3130
1762409911047 0.1967 3140
1762409917968 0.1863 3150
1762409934194 0.1919 3160
1762409941129 0.1961 3170
1762409948062 0.1895 3180
1762409954990 0.1818 3190
1762409961905 0.1852 3200
1762409978108 0.1922 3210
1762409985052 0.1863 3220
1762409991994 0.184 3230
1762409998936 0.1926 3240
1762410005877 0.1857 3250
1762410022828 0.1892 3260
1762410029764 0.1894 3270
1762410036667 0.1949 3280
1762410043577 0.1847 3290
1762410050470 0.1933 3300
1762410066685 0.191 3310
1762410073608 0.1855 3320
1762410080533 0.1945 3330
1762410087444 0.19 3340
1762410094363 0.1931 3350
1762410110515 0.191 3360
1762410117398 0.1929 3370
1762410124292 0.1804 3380
1762410131184 0.1865 3390
1762410138105 0.1781 3400
1762410154260 0.182 3410
1762410161155 0.1783 3420
1762410168062 0.1899 3430
1762410174987 0.1822 3440
1762410181917 0.1823 3450
1762410198106 0.1877 3460
1762410205049 0.1885 3470
1762410211952 0.186 3480
1762410218862 0.1842 3490
1762410225776 0.1897 3500
1762410242668 0.1872 3510
1762410249571 0.1903 3520
1762410256493 0.1888 3530
1762410263415 0.1966 3540
1762410270341 0.187 3550
1762410286547 0.1847 3560
1762410293469 0.1826 3570
1762410300373 0.18 3580
1762410307297 0.1798 3590
1762410314213 0.1765 3600
1762410330392 0.1836 3610
1762410337318 0.1798 3620
1762410344229 0.1963 3630
1762410351124 0.188 3640
1762410358036 0.1825 3650
1762410374223 0.1826 3660
1762410381151 0.1845 3670
1762410388072 0.1771 3680
1762410394969 0.1829 3690
1762410401875 0.1898 3700
1762410418099 0.1846 3710
1762410425031 0.187 3720
1762410431962 0.1816 3730
1762410438915 0.1812 3740
1762410445824 0.1748 3750
1762410462748 0.184 3760
1762410469675 0.1836 3770
1762410476590 0.1751 3780
1762410483513 0.1763 3790
1762410490426 0.1756 3800
1762410506631 0.1836 3810
1762410513548 0.1868 3820
1762410520453 0.178 3830
1762410527339 0.1835 3840
1762410534263 0.1761 3850
1762410550407 0.1817 3860
1762410557329 0.1828 3870
1762410564230 0.1878 3880
1762410571148 0.1806 3890
1762410578088 0.1809 3900
1762410594316 0.185 3910
1762410601239 0.1792 3920
1762410608164 0.1771 3930
1762410615091 0.1823 3940
1762410622020 0.1766 3950
1762410638215 0.1755 3960
1762410645138 0.1746 3970
1762410652039 0.1787 3980
1762410658945 0.1764 3990
1762410665858 0.178 4000
1762410682725 0.1783 4010
1762410689644 0.1827 4020
1762410696537 0.1778 4030
1762410703422 0.172 4040
1762410710316 0.1813 4050
1762410726518 0.183 4060
1762410733446 0.1875 4070
1762410740337 0.1741 4080
1762410747230 0.1821 4090
1762410754140 0.1793 4100
1762410770364 0.1815 4110
1762410777276 0.1771 4120
1762410784181 0.1745 4130
1762410791084 0.1783 4140
1762410798008 0.178 4150
1762410814240 0.1752 4160
1762410821158 0.1778 4170
1762410828081 0.1664 4180
1762410835008 0.1787 4190
1762410841937 0.1697 4200
1762410858163 0.1857 4210
1762410865093 0.1819 4220
1762410872015 0.1786 4230
1762410878933 0.1742 4240
1762410885854 0.1761 4250
1762410902790 0.1742 4260
1762410909722 0.1831 4270
1762410916652 0.176 4280
1762410923577 0.1751 4290
1762410930488 0.182 4300
1762410946700 0.1744 4310
1762410953630 0.1767 4320
1762410960500 0.1785 4330
1762410967433 0.1795 4340
1762410974339 0.1837 4350
1762411178812 0.1786 4360
1762411185736 0.1712 4370
1762411192643 0.1715 4380
1762411199563 0.1741 4390
1762411206503 0.1708 4400
1762411222711 0.17 4410
1762411229617 0.17 4420
1762411236515 0.172 4430
1762411243405 0.183 4440
1762411250313 0.1728 4450
1762411266513 0.1743 4460
1762411273426 0.1786 4470
1762411280390 0.1763 4480
1762411287304 0.1751 4490
1762411294229 0.1776 4500
1762411311192 0.182 4510
1762411318104 0.1743 4520
1762411325026 0.1685 4530
1762411331942 0.1738 4540
1762411338841 0.1752 4550
1762411355002 0.1759 4560
1762411361941 0.1767 4570
1762411368858 0.1636 4580
1762411375782 0.1681 4590
1762411382686 0.1784 4600
1762411398837 0.1701 4610
1762411405778 0.1743 4620
1762411412717 0.1725 4630
1762411419629 0.173 4640
1762411426551 0.1777 4650
1762411442775 0.1797 4660
1762411449700 0.1753 4670
1762411456621 0.1707 4680
1762411463521 0.1734 4690
1762411470441 0.1699 4700
1762411486669 0.1717 4710
1762411493582 0.1676 4720
1762411500521 0.1681 4730
1762411507424 0.1662 4740
1762411514343 0.1743 4750
1762411531222 0.179 4760
1762411538139 0.1764 4770
1762411545049 0.1735 4780
1762411551955 0.169 4790
1762411558889 0.1749 4800
1762411575067 0.1734 4810
1762411581947 0.1817 4820
1762411588880 0.1692 4830
1762411595810 0.1741 4840
1762411602744 0.1761 4850
1762411618970 0.1751 4860
1762411625857 0.1774 4870
1762411632796 0.1656 4880
1762411639714 0.1726 4890
1762411646653 0.1741 4900
1762411662868 0.1706 4910
1762411669790 0.1771 4920
1762411676700 0.1741 4930
1762411683626 0.1728 4940
1762411690543 0.1774 4950
1762411706722 0.1658 4960
1762411713641 0.1707 4970
1762411720571 0.17 4980
1762411727495 0.1709 4990
1762411734395 0.1668 5000
1762411751281 0.1746 5010
1762411758216 0.1744 5020
1762411765135 0.1739 5030
1762411772055 0.1704 5040
1762411778973 0.1784 5050
1762411795188 0.172 5060
1762411802100 0.1719 5070
1762411809032 0.1736 5080
1762411815964 0.1694 5090
1762411822857 0.1705 5100
1762411839090 0.1723 5110
1762411846030 0.1722 5120
1762411852974 0.1748 5130
1762411859908 0.1659 5140
1762411866837 0.1695 5150
1762411883009 0.1789 5160
1762411889923 0.1707 5170
1762411896822 0.1737 5180
1762411903736 0.1713 5190
1762411910636 0.1774 5200
1762411926809 0.1684 5210
1762411933712 0.1716 5220
1762411940617 0.171 5230
1762411947508 0.1688 5240
1762411954396 0.1716 5250
1762411971290 0.1623 5260
1762411978211 0.1753 5270
1762411985122 0.1722 5280
1762411992054 0.1747 5290
1762411999010 0.1737 5300
1762412015223 0.1665 5310
1762412022159 0.1824 5320
1762412029098 0.1626 5330
1762412036016 0.1654 5340
1762412042938 0.1757 5350
1762412059092 0.1682 5360
1762412066019 0.1759 5370
1762412072940 0.1753 5380
1762412079829 0.1709 5390
1762412086744 0.1687 5400
1762412102973 0.1806 5410
1762412109891 0.1642 5420
1762412116798 0.1737 5430
1762412123704 0.162 5440
1762412130603 0.1691 5450
1762412146804 0.1669 5460
1762412153728 0.1749 5470
1762412160612 0.1786 5480
1762412167523 0.1794 5490
1762412174442 0.1754 5500
1762412191719 0.1723 5510
1762412198623 0.1677 5520
1762412205509 0.1755 5530
1762412212427 0.1692 5540
1762412219327 0.1694 5550
1762412235538 0.1713 5560
1762412242421 0.1753 5570
1762412249363 0.1706 5580
1762412256290 0.167 5590
1762412263195 0.1727 5600
1762412279420 0.1638 5610
