1762407164027 0.40523316636681556 10
1762407170960 0.4646493285894394 20
1762407177885 0.5490010105073452 30
1762407184805 0.6498012334108353 40
1762407191728 0.7357730165123939 50
1762407207943 0.808721448481083 60
1762407214891 0.8368279725313187 70
1762407221811 0.8565813958644867 80
1762407228754 0.8690491884946823 90
1762407235663 0.8784639775753021 100
1762407251831 0.881211556494236 110
1762407258749 0.8827736511826515 120
1762407265690 0.8912723913788796 130
1762407272603 0.8909455463290215 140
1762407279504 0.8949305981397628 150
1762407295675 0.8935244664549827 160
1762407302583 0.9014188945293427 170
1762407309486 0.9047923728823661 180
1762407316374 0.9037995710968971 190
1762407323290 0.9059964075684548 200
1762407339485 0.9087337404489517 210
1762407346438 0.9088327556848526 220
1762407353376 0.9089215591549873 230
1762407360323 0.9112493708729744 240
1762407367230 0.9096529290080071 250
1762407384216 0.9160655632615089 260
1762407391179 0.9141668483614922 270
1762407398105 0.9132388636469841 280
1762407404999 0.9138693273067474 290
1762407411918 0.921602027118206 300
1762407428071 0.9168379992246628 310
1762407434961 0.919381046295166 320
1762407441889 0.9224089950323104 330
1762407448837 0.9236963108181954 340
1762407455740 0.9194467723369598 350
1762407471887 0.9250526040792465 360
1762407478794 0.9240004926919937 370
1762407485702 0.9212849467992783 380
1762407492597 0.9181428715586663 390
1762407499494 0.9219703525304794 400
1762407515680 0.9248201683163643 410
1762407522567 0.9240716144442558 420
1762407529475 0.9242224276065827 430
1762407536384 0.9194459721446038 440
1762407543251 0.9274461716413498 450
1762407559397 0.9224439635872841 460
1762407566269 0.9254689082503319 470
1762407573194 0.9212389141321182 480
1762407580076 0.9223090410232544 490
1762407586978 0.9231101423501968 500
1762407603769 0.9258346512913704 510
1762407610637 0.9251544430851937 520
1762407617548 0.9293583065271378 530
1762407624443 0.9251107797026634 540
1762407631340 0.9264805808663368 550
1762407647536 0.9231656551361084 560
1762407654465 0.9305503517389297 570
1762407661380 0.9254859670996666 580
1762407668299 0.92829320281744 590
1762407675213 0.9267056301236153 600
1762407691432 0.9267717942595481 610
1762407698329 0.923432371020317 620
1762407705253 0.9261030554771423 630
1762407712182 0.9302628263831139 640
1762407719073 0.9295068502426147 650
1762407735246 0.9283980458974839 660
1762407742161 0.9247267469763756 670
1762407749070 0.9299608469009399 680
1762407755981 0.9286263510584831 690
1762407762897 0.9286663800477981 700
1762407779092 0.9285974442958832 710
1762407785987 0.9270872205495835 720
1762407792900 0.9267461344599723 730
1762407799798 0.9283950895071029 740
1762407806690 0.9302955493330956 750
1762407823554 0.9293741583824158 760
1762407830489 0.9248704880475997 770
1762407837380 0.9329622149467468 780
1762407844297 0.9295006364583969 790
1762407851217 0.9307067543268204 800
1762407867413 0.9315247237682343 810
1762407874341 0.928216615319252 820
1762407881250 0.9322267815470695 830
1762407888166 0.9313539013266563 840
1762407895065 0.9301066115498543 850
1762407911278 0.9328869864344597 860
1762407918180 0.9328793972730637 870
1762407925103 0.930219204723835 880
1762407932005 0.9309038162231446 890
1762407938950 0.9281975716352463 900
1762407955141 0.9300748378038406 910
1762407962032 0.929312926530838 920
1762407968936 0.9337441205978394 930
1762407975841 0.9270247504115104 940
1762407982765 0.9322644978761673 950
1762407998981 0.9307378143072128 960
1762408005878 0.9314095169305802 970
1762408012784 0.937111197412014 980
1762408019679 0.9331589102745056 990
1762408026577 0.9321839109063148 1000
1762408043424 0.9331772223114967 1010
1762408050351 0.9334891721606254 1020
1762408057270 0.9299629002809524 1030
1762408064194 0.9320110023021698 1040
1762408071096 0.9338860809803009 1050
1762408087241 0.9310143887996674 1060
1762408094157 0.9322811126708984 1070
1762408101057 0.9327880591154099 1080
1762408107966 0.9315141499042511 1090
1762408114880 0.9335830196738243 1100
1762408130990 0.9325434565544128 1110
1762408137873 0.9298357918858529 1120
1762408144744 0.9354299649596214 1130
1762408151632 0.935253918170929 1140
1762408158542 0.933300793170929 1150
1762408174711 0.9301533073186874 1160
1762408181620 0.9341411307454109 1170
1762408188549 0.9347226470708847 1180
1762408195454 0.9328823640942574 1190
1762408202377 0.9362334340810776 1200
1762408218572 0.9327440664172173 1210
1762408225493 0.9336494475603103 1220
1762408232423 0.9342476963996887 1230
1762408239331 0.9360429495573044 1240
1762408246243 0.9332909569144249 1250
1762408263119 0.9324761867523194 1260
1762408270050 0.9334681302309036 1270
1762408276989 0.9329458341002465 1280
1762408283911 0.9369036883115769 1290
1762408290828 0.9345437556505203 1300
1762408306979 0.9358883872628212 1310
1762408313883 0.9349738404154777 1320
1762408320786 0.9348685160279274 1330
1762408327705 0.9372435003519058 1340
1762408334618 0.9382640346884727 1350
1762408350830 0.9341828897595406 1360
1762408357750 0.9355608582496643 1370
1762408364685 0.9356699898838997 1380
1762408371599 0.9345090419054032 1390
1762408378525 0.9323670148849488 1400
1762408394714 0.9347403824329377 1410
1762408401622 0.93435268253088 1420
1762408408560 0.9368637472391128 1430
1762408415476 0.935949957370758 1440
1762408422406 0.9424671456217766 1450
1762408438587 0.9419104680418968 1460
1762408445479 0.943832804262638 1470
1762408452374 0.9450619742274284 1480
1762408459268 0.9442636355757713 1490
1762408466182 0.9442287981510162 1500
1762408483076 0.945326454937458 1510
1762408490005 0.94560816437006 1520
1762408496931 0.9484195232391357 1530
1762408503848 0.9466855317354202 1540
1762408510773 0.9447694033384323 1550
1762408526967 0.9440078243613244 1560
1762408533872 0.9467813894152641 1570
1762408540805 0.9494161501526832 1580
1762408547717 0.9479112982749939 1590
1762408554654 0.9449147820472718 1600
1762408570874 0.9479242444038392 1610
1762408577783 0.9475211381912232 1620
1762408584700 0.9420290142297745 1630
1762408591614 0.9458470940589905 1640
1762408598488 0.9468825802206993 1650
1762408614624 0.9473784700036049 1660
1762408621525 0.9462312147021293 1670
1762408628448 0.9492613047361373 1680
1762408635365 0.9480009570717811 1690
1762408642262 0.9481853693723679 1700
1762408658459 0.9495156452059745 1710
1762408665396 0.9462850615382195 1720
1762408672322 0.9478548228740692 1730
1762408679226 0.9445921689271927 1740
1762408686143 0.9484778270125389 1750
1762408703017 0.9518505886197091 1760
1762408709947 0.9495920673012733 1770
1762408716884 0.9499057933688164 1780
1762408723763 0.9491392403841019 1790
1762408730688 0.9469333022832871 1800
1762408746859 0.9477959781885147 1810
1762408753784 0.9502407893538475 1820
1762408760697 0.9497140035033226 1830
1762408767604 0.948933157324791 1840
1762408774497 0.949221846461296 1850
1762408790702 0.9479811534285545 1860
1762408797587 0.9494720235466957 1870
1762408804523 0.9499745637178421 1880
1762408811403 0.9488903328776359 1890
1762408818299 0.9527708724141121 1900
1762408834515 0.950559738278389 1910
1762408841453 0.9507311835885048 1920
1762408848357 0.9513015002012253 1930
1762408855260 0.949911330640316 1940
1762408862200 0.9477983012795448 1950
1762408878365 0.9501781672239303 1960
1762408885248 0.9501956313848495 1970
1762408892133 0.9508966371417046 1980
1762408899041 0.9483048617839813 1990
1762408905977 0.9491017088294029 2000
1762408922866 0.948673851788044 2010
1762408929800 0.9514005005359649 2020
1762408936717 0.949611896276474 2030
1762408943641 0.9493144914507866 2040
1762408950562 0.9496332421898842 2050
1762408966738 0.9520214185118675 2060
1762408973643 0.9513648390769959 2070
1762408980566 0.9513304576277732 2080
1762408987480 0.9493705466389656 2090
1762408994413 0.9513044878840446 2100
1762409010632 0.9511473342776299 2110
1762409017571 0.9506948962807655 2120
1762409024502 0.9511761486530304 2130
1762409031408 0.9524832919239998 2140
1762409038330 0.9518053099513054 2150
1762409054554 0.9505629792809487 2160
1762409061478 0.9516010046005249 2170
1762409068368 0.9496027305722237 2180
1762409075277 0.951227156817913 2190
1762409082169 0.9524473354220391 2200
1762409098388 0.9515317067503929 2210
1762409105309 0.9510260805487633 2220
1762409112226 0.9494762867689133 2230
1762409119125 0.9490230619907379 2240
1762409126031 0.9531798332929611 2250
1762409142937 0.9504102230072021 2260
1762409149832 0.9533794194459915 2270
1762409156742 0.9536278665065765 2280
1762409163655 0.9517322614789009 2290
1762409170577 0.9529459401965141 2300
1762409186771 0.9526233211159706 2310
1762409193692 0.9522860169410705 2320
1762409200633 0.9531821250915528 2330
1762409207565 0.9519617423415184 2340
1762409214492 0.9521432802081108 2350
1762409230655 0.9515322580933571 2360
1762409237581 0.9529105439782143 2370
1762409244489 0.9535103723406791 2380
1762409251409 0.9511162713170052 2390
1762409258344 0.9534089908003807 2400
1762409274515 0.9535305991768837 2410
1762409281417 0.9507396668195724 2420
1762409288333 0.9511704698204995 2430
1762409295254 0.9541922524571419 2440
1762409302169 0.9527939274907112 2450
1762409318373 0.9545754626393318 2460
1762409325291 0.952354010939598 2470
1762409332189 0.9532818734645844 2480
1762409339100 0.9545658558607102 2490
1762409346022 0.9531794786453247 2500
1762409362878 0.9529982432723045 2510
1762409369805 0.9542966857552528 2520
1762409376718 0.9521713972091674 2530
1762409383607 0.9514681741595268 2540
1762409390520 0.9542319193482399 2550
1762409406726 0.9518987342715264 2560
1762409413657 0.9556025564670563 2570
1762409420585 0.9513941377401351 2580
1762409427516 0.9539738148450851 2590
1762409434436 0.95440171957016 2600
1762409450644 0.9539250329136848 2610
1762409457560 0.9547816649079323 2620
1762409464476 0.953576284646988 2630
1762409471358 0.9546736910939216 2640
1762409478251 0.9529532372951508 2650
1762409494416 0.9524093106389045 2660
1762409501325 0.9536199674010277 2670
1762409508247 0.958064679801464 2680
1762409515160 0.9552324771881103 2690
1762409522078 0.9527333751320839 2700
1762409538246 0.9543802425265312 2710
1762409545131 0.9533993303775787 2720
1762409552042 0.9544319257140159 2730
1762409558943 0.9564215019345284 2740
1762409565875 0.9518073812127114 2750
1762409582759 0.9523821264505387 2760
1762409589684 0.9525374278426171 2770
1762409596631 0.9546807616949081 2780
1762409603552 0.953298969566822 2790
1762409610453 0.9548505082726478 2800
1762409626553 0.9550104320049286 2810
1762409633457 0.9566873729228973 2820
1762409640388 0.9565722227096558 2830
1762409647296 0.9546524152159691 2840
1762409654169 0.9529294356703758 2850
1762409670369 0.9541726306080818 2860
1762409677301 0.955769120156765 2870
1762409684213 0.9552929982542991 2880
1762409691131 0.9564379826188087 2890
1762409698057 0.9565423205494881 2900
1762409714226 0.9545538038015365 2910
1762409721166 0.9538371786475182 2920
1762409728085 0.9523537263274193 2930
1762409734944 0.9538624927401542 2940
1762409741844 0.9553033262491226 2950
1762409757987 0.9541928976774215 2960
1762409764869 0.9552380502223968 2970
1762409771789 0.9539934292435646 2980
1762409778708 0.9561431974172592 2990
1762409785595 0.9575062438845634 3000
1762409802511 0.9551639527082443 3010
1762409809429 0.9557060971856117 3020
1762409816334 0.9559399425983429 3030
1762409823242 0.9558677837252617 3040
1762409830133 0.95528996437788 3050
1762409846365 0.9541129246354103 3060
1762409853286 0.9550423622131348 3070
1762409860219 0.9551873192191124 3080
1762409867139 0.9575089603662491 3090
1762409874071 0.9545301467180252 3100
1762409890275 0.9558881387114525 3110
1762409897208 0.9575766071677208 3120
1762409904109 0.9563026174902916 3130
1762409911047 0.9551123067736625 3140
1762409917968 0.9574302062392235 3150
1762409934194 0.954983864724636 3160
1762409941129 0.956588762998581 3170
1762409948062 0.9571011900901795 3180
1762409954990 0.9594649940729141 3190
1762409961905 0.9573862612247467 3200
1762409978108 0.9550728484988212 3210
1762409985052 0.9578053146600723 3220
1762409991994 0.9573919013142586 3230
1762409998936 0.955788154900074 3240
1762410005877 0.9583216682076454 3250
1762410022828 0.9575010389089584 3260
1762410029764 0.9579499945044517 3270
1762410036667 0.9563105702400208 3280
1762410043577 0.9566234946250916 3290
1762410050470 0.9548426538705825 3300
1762410066685 0.9564518988132477 3310
1762410073608 0.9557538524270057 3320
1762410080533 0.9567781642079354 3330
1762410087444 0.9572310611605644 3340
1762410094363 0.9544871881604194 3350
1762410110515 0.9550784304738045 3360
1762410117398 0.9550239995121956 3370
1762410124292 0.9578176632523536 3380
1762410131184 0.9578084662556648 3390
1762410138105 0.9575111791491508 3400
1762410154260 0.9567848056554794 3410
1762410161155 0.9586433842778206 3420
1762410168062 0.9550845593214035 3430
1762410174987 0.9585192382335663 3440
1762410181917 0.9573178514838219 3450
1762410198106 0.9579373806715011 3460
1762410205049 0.9580325409770012 3470
1762410211952 0.9570230841636658 3480
1762410218862 0.9573694512248039 3490
1762410225776 0.958628585934639 3500
1762410242668 0.9561783865094184 3510
1762410249571 0.9573991894721985 3520
1762410256493 0.956304407119751 3530
1762410263415 0.9563121020793914 3540
1762410270341 0.9577335149049759 3550
1762410286547 0.9566193670034409 3560
1762410293469 0.9566879242658615 3570
1762410300373 0.9593735232949256 3580
1762410307297 0.9579668000340462 3590
1762410314213 0.9582855612039566 3600
1762410330392 0.958071480691433 3610
1762410337318 0.9583251714706421 3620
1762410344229 0.9554359063506126 3630
1762410351124 0.9568175494670867 3640
1762410358036 0.9573565170168876 3650
1762410374223 0.9577793806791306 3660
1762410381151 0.9567896500229836 3670
1762410388072 0.9588126137852668 3680
1762410394969 0.9582538142800331 3690
1762410401875 0.9559184849262238 3700
1762410418099 0.9590048730373383 3710
1762410425031 0.9583653837442399 3720
1762410431962 0.9594048708677292 3730
1762410438915 0.9589782997965812 3740
1762410445824 0.9587343141436577 3750
1762410462748 0.9573879778385163 3760
1762410469675 0.9595011427998543 3770
1762410476590 0.9579803809523583 3780
1762410483513 0.9583658248186111 3790
1762410490426 0.9587600961327553 3800
1762410506631 0.9596791386604309 3810
1762410513548 0.9569762796163559 3820
1762410520453 0.9571058303117752 3830
1762410527339 0.9584198430180549 3840
1762410534263 0.9584670200943947 3850
1762410550407 0.9590599179267884 3860
1762410557329 0.9573221698403358 3870
1762410564230 0.9569597035646439 3880
1762410571148 0.9598391890525818 3890
1762410578088 0.9602585107088089 3900
1762410594316 0.9570545449852943 3910
1762410601239 0.957008744776249 3920
1762410608164 0.9601739078760148 3930
1762410615091 0.9588776305317879 3940
1762410622020 0.958756522834301 3950
1762410638215 0.9597203448414803 3960
1762410645138 0.9606922909617424 3970
1762410652039 0.9591957107186317 3980
1762410658945 0.9593416586518287 3990
1762410665858 0.9582875102758408 4000
1762410682725 0.9577740222215653 4010
1762410689644 0.9579444617033005 4020
1762410696537 0.9589282900094986 4030
1762410703422 0.9603892773389816 4040
1762410710316 0.9581441640853882 4050
1762410726518 0.9578885808587074 4060
1762410733446 0.9573468253016472 4070
1762410740337 0.9599136173725128 4080
1762410747230 0.9577604159712791 4090
1762410754140 0.9576683759689331 4100
1762410770364 0.9590506434440613 4110
1762410777276 0.959150816500187 4120
1762410784181 0.9589326277375221 4130
1762410791084 0.9597147345542908 4140
1762410798008 0.9583390384912491 4150
1762410814240 0.9598293110728264 4160
1762410821158 0.9605115711688995 4170
1762410828081 0.9599428966641426 4180
1762410835008 0.9610366955399513 4190
1762410841937 0.961208076775074 4200
1762410858163 0.9581354439258576 4210
1762410865093 0.9590751215815544 4220
1762410872015 0.9596660301089287 4230
1762410878933 0.9592962309718132 4240
1762410885854 0.9584643751382828 4250
1762410902790 0.958092950284481 4260
1762410909722 0.9590797275304794 4270
1762410916652 0.9580619052052498 4280
1762410923577 0.9595027536153793 4290
1762410930488 0.9587233528494835 4300
1762410946700 0.9607706889510155 4310
1762410953630 0.9583245441317558 4320
1762410960500 0.9593074887990951 4330
1762410967433 0.9582119882106781 4340
1762410974339 0.9597244799137116 4350
1762411178812 0.9592456161975861 4360
1762411185736 0.9601085662841797 4370
1762411192643 0.960004809498787 4380
1762411199563 0.9598542407155037 4390
1762411206503 0.9605033814907074 4400
1762411222711 0.9598747119307518 4410
1762411229617 0.9601601615548134 4420
1762411236515 0.9600725159049034 4430
1762411243405 0.9588234543800354 4440
1762411250313 0.9604748919606209 4450
1762411266513 0.9597688496112824 4460
1762411273426 0.9587523609399795 4470
1762411280390 0.9602322936058044 4480
1762411287304 0.9598954916000366 4490
1762411294229 0.9594082608819008 4500
1762411311192 0.9582283183932304 4510
1762411318104 0.9586895078420639 4520
1762411325026 0.9605825290083885 4530
1762411331942 0.9598629474639893 4540
1762411338841 0.9606391698122024 4550
1762411355002 0.9597593262791634 4560
1762411361941 0.9581484094262123 4570
1762411368858 0.9603304088115692 4580
1762411375782 0.9625242039561271 4590
1762411382686 0.9591897040605545 4600
1762411398837 0.9603907346725464 4610
1762411405778 0.9607437118887902 4620
1762411412717 0.9598849549889564 4630
1762411419629 0.9597401767969131 4640
1762411426551 0.9592824965715409 4650
1762411442775 0.9590460330247879 4660
1762411449700 0.9602703064680099 4670
1762411456621 0.9600044891238213 4680
1762411463521 0.9593926385045052 4690
1762411470441 0.9601036295294761 4700
1762411486669 0.9612469717860221 4710
1762411493582 0.9613526299595833 4720
1762411500521 0.9602388232946396 4730
1762411507424 0.9607409566640854 4740
1762411514343 0.9601719230413437 4750
1762411531222 0.9602561175823212 4760
1762411538139 0.9604085505008697 4770
1762411545049 0.9611440971493721 4780
1762411551955 0.9590940445661544 4790
1762411558889 0.9597972229123115 4800
1762411575067 0.9600540637969971 4810
1762411581947 0.9584210634231567 4820
1762411588880 0.9604643791913986 4830
1762411595810 0.958475461602211 4840
1762411602744 0.9613073289394378 4850
1762411618970 0.9580579295754432 4860
1762411625857 0.9613744810223579 4870
1762411632796 0.9601184502243996 4880
1762411639714 0.9609595403075218 4890
1762411646653 0.9607936009764672 4900
1762411662868 0.9599866062402725 4910
1762411669790 0.9589935496449471 4920
1762411676700 0.961070892214775 4930
1762411683626 0.9590255931019783 4940
1762411690543 0.9587375059723854 4950
1762411706722 0.960320483148098 4960
1762411713641 0.9611986577510834 4970
1762411720571 0.9614316061139107 4980
1762411727495 0.9592041537165642 4990
1762411734395 0.9600886702537537 5000
1762411751281 0.9603242546319961 5010
1762411758216 0.9612858831882477 5020
1762411765135 0.9607482388615608 5030
1762411772055 0.9601343601942063 5040
1762411778973 0.9590801820158958 5050
1762411795188 0.959860646724701 5060
1762411802100 0.9592224329710006 5070
1762411809032 0.9603938966989517 5080
1762411815964 0.9603512272238731 5090
1762411822857 0.9623049452900887 5100
1762411839090 0.9601154491305351 5110
1762411846030 0.9607883736491203 5120
1762411852974 0.9602391377091408 5130
1762411859908 0.9611321851611138 5140
1762411866837 0.9607611075043678 5150
1762411883009 0.9601147815585136 5160
1762411889923 0.9628568485379219 5170
1762411896822 0.9595943003892898 5180
1762411903736 0.9594677269458771 5190
1762411910636 0.959051351249218 5200
1762411926809 0.9587651550769806 5210
1762411933712 0.9608652964234352 5220
1762411940617 0.9609769240021706 5230
1762411947508 0.9625666603446007 5240
1762411954396 0.961095443367958 5250
1762411971290 0.9613563999533653 5260
1762411978211 0.9594729319214821 5270
1762411985122 0.9608203366398811 5280
1762411992054 0.9607513830065727 5290
1762411999010 0.9599751949310302 5300
1762412015223 0.9606422707438469 5310
1762412022159 0.9585361614823341 5320
1762412029098 0.9624229669570923 5330
1762412036016 0.960266898572445 5340
1762412042938 0.9602371469140053 5350
1762412059092 0.9613479658961296 5360
1762412066019 0.9589892849326134 5370
1762412072940 0.9600000888109207 5380
1762412079829 0.9619450345635414 5390
1762412086744 0.9605925723910331 5400
1762412102973 0.9592393919825554 5410
1762412109891 0.9610318899154663 5420
1762412116798 0.9614420831203461 5430
1762412123704 0.9611318379640579 5440
1762412130603 0.9602858394384384 5450
1762412146804 0.9613907903432846 5460
1762412153728 0.9599968209862709 5470
1762412160612 0.9596438616514206 5480
1762412167523 0.9582710534334182 5490
1762412174442 0.9594472587108612 5500
1762412191719 0.9602726444602012 5510
1762412198623 0.9601613774895668 5520
1762412205509 0.9611743882298469 5530
1762412212427 0.9623373821377754 5540
1762412219327 0.9590282320976258 5550
1762412235538 0.9600981414318085 5560
1762412242421 0.9602480083703995 5570
1762412249363 0.961219048500061 5580
1762412256290 0.9615522131323815 5590
1762412263195 0.9612112939357758 5600
1762412279420 0.9622947469353675 5610
