1762407164027 14810.0 10
1762407170960 29605.0 20
1762407177885 44326.0 30
1762407184805 59549.0 40
1762407191728 74523.0 50
1762407207943 89425.0 60
1762407214891 104218.0 70
1762407221811 119154.0 80
1762407228754 134097.0 90
1762407235663 148734.0 100
1762407251831 163545.0 110
1762407258749 178547.0 120
1762407265690 193609.0 130
1762407272603 208406.0 140
1762407279504 223222.0 150
1762407295675 238298.0 160
1762407302583 253320.0 170
1762407309486 268378.0 180
1762407316374 282909.0 190
1762407323290 297588.0 200
1762407339485 312384.0 210
1762407346438 327536.0 220
1762407353376 342328.0 230
1762407360323 357356.0 240
1762407367230 372214.0 250
1762407384216 387106.0 260
1762407391179 402284.0 270
1762407398105 417248.0 280
1762407404999 431942.0 290
1762407411918 447035.0 300
1762407428071 461797.0 310
1762407434961 476858.0 320
1762407441889 491906.0 330
1762407448837 506808.0 340
1762407455740 521753.0 350
1762407471887 536527.0 360
1762407478794 551288.0 370
1762407485702 565911.0 380
1762407492597 581065.0 390
1762407499494 595810.0 400
1762407515680 611048.0 410
1762407522567 625633.0 420
1762407529475 640501.0 430
1762407536384 655321.0 440
1762407543251 670079.0 450
1762407559397 685212.0 460
1762407566269 700055.0 470
1762407573194 715110.0 480
1762407580076 730043.0 490
1762407586978 745245.0 500
1762407603769 760449.0 510
1762407610637 774947.0 520
1762407617548 789745.0 530
1762407624443 804594.0 540
1762407631340 819375.0 550
1762407647536 834322.0 560
1762407654465 849017.0 570
1762407661380 863965.0 580
1762407668299 878791.0 590
1762407675213 893667.0 600
1762407691432 909044.0 610
1762407698329 924012.0 620
1762407705253 939175.0 630
1762407712182 954277.0 640
1762407719073 968857.0 650
1762407735246 983505.0 660
1762407742161 998589.0 670
1762407749070 1013477.0 680
1762407755981 1028178.0 690
1762407762897 1043192.0 700
1762407779092 1058153.0 710
1762407785987 1073132.0 720
1762407792900 1087898.0 730
1762407799798 1102534.0 740
1762407806690 1117140.0 750
1762407823554 1131796.0 760
1762407830489 1146699.0 770
1762407837380 1161703.0 780
1762407844297 1177078.0 790
1762407851217 1192069.0 800
1762407867413 1206970.0 810
1762407874341 1222057.0 820
1762407881250 1237114.0 830
1762407888166 1251697.0 840
1762407895065 1266649.0 850
1762407911278 1281472.0 860
1762407918180 1296444.0 870
1762407925103 1311600.0 880
1762407932005 1326383.0 890
1762407938950 1341261.0 900
1762407955141 1356227.0 910
1762407962032 1370703.0 920
1762407968936 1385577.0 930
1762407975841 1400262.0 940
1762407982765 1415126.0 950
1762407998981 1429984.0 960
1762408005878 1445066.0 970
1762408012784 1460029.0 980
1762408019679 1475082.0 990
1762408026577 1490088.0 1000
1762408043424 1504769.0 1010
1762408050351 1519979.0 1020
1762408057270 1534745.0 1030
1762408064194 1549445.0 1040
1762408071096 1564391.0 1050
1762408087241 1578848.0 1060
1762408094157 1593659.0 1070
1762408101057 1608437.0 1080
1762408107966 1623651.0 1090
1762408114880 1638704.0 1100
1762408130990 1653697.0 1110
1762408137873 1668487.0 1120
1762408144744 1683318.0 1130
1762408151632 1698159.0 1140
1762408158542 1713184.0 1150
1762408174711 1728033.0 1160
1762408181620 1743272.0 1170
1762408188549 1758294.0 1180
1762408195454 1773499.0 1190
1762408202377 1788679.0 1200
1762408218572 1803555.0 1210
1762408225493 1818124.0 1220
1762408232423 1833200.0 1230
1762408239331 1848075.0 1240
1762408246243 1862781.0 1250
1762408263119 1877525.0 1260
1762408270050 1892182.0 1270
1762408276989 1907051.0 1280
1762408283911 1921908.0 1290
1762408290828 1936759.0 1300
1762408306979 1951358.0 1310
1762408313883 1966552.0 1320
1762408320786 1981519.0 1330
1762408327705 1996076.0 1340
1762408334618 2010978.0 1350
1762408350830 2026266.0 1360
1762408357750 2041005.0 1370
1762408364685 2055772.0 1380
1762408371599 2070795.0 1390
1762408378525 2085696.0 1400
1762408394714 2100408.0 1410
1762408401622 2115372.0 1420
1762408408560 2130320.0 1430
1762408415476 2145376.0 1440
1762408422406 2160024.0 1450
1762408438587 2174909.0 1460
1762408445479 2190049.0 1470
1762408452374 2204829.0 1480
1762408459268 2219814.0 1490
1762408466182 2234385.0 1500
1762408483076 2249355.0 1510
1762408490005 2264435.0 1520
1762408496931 2279123.0 1530
1762408503848 2294058.0 1540
1762408510773 2308928.0 1550
1762408526967 2323739.0 1560
1762408533872 2339121.0 1570
1762408540805 2354093.0 1580
1762408547717 2368924.0 1590
1762408554654 2383830.0 1600
1762408570874 2398693.0 1610
1762408577783 2413899.0 1620
1762408584700 2428258.0 1630
1762408591614 2443267.0 1640
1762408598488 2457901.0 1650
1762408614624 2473042.0 1660
1762408621525 2487698.0 1670
1762408628448 2502668.0 1680
1762408635365 2517292.0 1690
1762408642262 2532191.0 1700
1762408658459 2547029.0 1710
1762408665396 2562024.0 1720
1762408672322 2577001.0 1730
1762408679226 2591689.0 1740
1762408686143 2606640.0 1750
1762408703017 2621691.0 1760
1762408709947 2636937.0 1770
1762408716884 2651874.0 1780
1762408723763 2666994.0 1790
1762408730688 2681623.0 1800
1762408746859 2696651.0 1810
1762408753784 2711577.0 1820
1762408760697 2726317.0 1830
1762408767604 2741310.0 1840
1762408774497 2756103.0 1850
1762408790702 2770999.0 1860
1762408797587 2785620.0 1870
1762408804523 2800607.0 1880
1762408811403 2815516.0 1890
1762408818299 2830426.0 1900
1762408834515 2845156.0 1910
1762408841453 2860132.0 1920
1762408848357 2875068.0 1930
1762408855260 2889798.0 1940
1762408862200 2904810.0 1950
1762408878365 2919912.0 1960
1762408885248 2934763.0 1970
1762408892133 2949670.0 1980
1762408899041 2964217.0 1990
1762408905977 2979233.0 2000
1762408922866 2993840.0 2010
1762408929800 3008801.0 2020
1762408936717 3023641.0 2030
1762408943641 3038825.0 2040
1762408950562 3053737.0 2050
1762408966738 3068773.0 2060
1762408973643 3083354.0 2070
1762408980566 3098091.0 2080
1762408987480 3113027.0 2090
1762408994413 3127889.0 2100
1762409010632 3142899.0 2110
1762409017571 3157846.0 2120
1762409024502 3172948.0 2130
1762409031408 3187869.0 2140
1762409038330 3202908.0 2150
1762409054554 3217637.0 2160
1762409061478 3232553.0 2170
1762409068368 3247224.0 2180
1762409075277 3262089.0 2190
1762409082169 3276991.0 2200
1762409098388 3292361.0 2210
1762409105309 3307124.0 2220
1762409112226 3322067.0 2230
1762409119125 3337089.0 2240
1762409126031 3351728.0 2250
1762409142937 3366656.0 2260
1762409149832 3381369.0 2270
1762409156742 3396440.0 2280
1762409163655 3411105.0 2290
1762409170577 3426381.0 2300
1762409186771 3441415.0 2310
1762409193692 3456009.0 2320
1762409200633 3471434.0 2330
1762409207565 3486477.0 2340
1762409214492 3501739.0 2350
1762409230655 3516180.0 2360
1762409237581 3531199.0 2370
1762409244489 3546017.0 2380
1762409251409 3560775.0 2390
1762409258344 3576025.0 2400
1762409274515 3590787.0 2410
1762409281417 3605236.0 2420
1762409288333 3619962.0 2430
1762409295254 3634877.0 2440
1762409302169 3649613.0 2450
1762409318373 3664427.0 2460
1762409325291 3679285.0 2470
1762409332189 3694024.0 2480
1762409339100 3709098.0 2490
1762409346022 3723976.0 2500
1762409362878 3738746.0 2510
1762409369805 3753990.0 2520
1762409376718 3768814.0 2530
1762409383607 3783362.0 2540
1762409390520 3798333.0 2550
1762409406726 3813141.0 2560
1762409413657 3828090.0 2570
1762409420585 3843012.0 2580
1762409427516 3858198.0 2590
1762409434436 3873050.0 2600
1762409450644 3887957.0 2610
1762409457560 3902759.0 2620
1762409464476 3917625.0 2630
1762409471358 3932743.0 2640
1762409478251 3947694.0 2650
1762409494416 3962620.0 2660
1762409501325 3977527.0 2670
1762409508247 3992361.0 2680
1762409515160 4007159.0 2690
1762409522078 4022198.0 2700
1762409538246 4037280.0 2710
1762409545131 4052228.0 2720
1762409552042 4067145.0 2730
1762409558943 4081904.0 2740
1762409565875 4096778.0 2750
1762409582759 4111665.0 2760
1762409589684 4126593.0 2770
1762409596631 4141447.0 2780
1762409603552 4156181.0 2790
1762409610453 4171203.0 2800
1762409626553 4185822.0 2810
1762409633457 4200861.0 2820
1762409640388 4215655.0 2830
1762409647296 4230533.0 2840
1762409654169 4245450.0 2850
1762409670369 4260635.0 2860
1762409677301 4275751.0 2870
1762409684213 4290469.0 2880
1762409691131 4305413.0 2890
1762409698057 4321033.0 2900
1762409714226 4335554.0 2910
1762409721166 4350410.0 2920
1762409728085 4365383.0 2930
1762409734944 4379961.0 2940
1762409741844 4394878.0 2950
1762409757987 4410009.0 2960
1762409764869 4424386.0 2970
1762409771789 4439043.0 2980
1762409778708 4454057.0 2990
1762409785595 4469084.0 3000
1762409802511 4483999.0 3010
1762409809429 4498987.0 3020
1762409816334 4513478.0 3030
1762409823242 4528247.0 3040
1762409830133 4543167.0 3050
1762409846365 4558233.0 3060
1762409853286 4572933.0 3070
1762409860219 4587906.0 3080
1762409867139 4602620.0 3090
1762409874071 4617590.0 3100
1762409890275 4632442.0 3110
1762409897208 4647601.0 3120
1762409904109 4662590.0 3130
1762409911047 4677515.0 3140
1762409917968 4692479.0 3150
1762409934194 4707438.0 3160
1762409941129 4722351.0 3170
1762409948062 4737013.0 3180
1762409954990 4752077.0 3190
1762409961905 4766860.0 3200
1762409978108 4781797.0 3210
1762409985052 4796775.0 3220
1762409991994 4811660.0 3230
1762409998936 4826494.0 3240
1762410005877 4841260.0 3250
1762410022828 4856197.0 3260
1762410029764 4871407.0 3270
1762410036667 4886371.0 3280
1762410043577 4901306.0 3290
1762410050470 4916032.0 3300
1762410066685 4930751.0 3310
1762410073608 4945841.0 3320
1762410080533 4960719.0 3330
1762410087444 4975506.0 3340
1762410094363 4990479.0 3350
1762410110515 5005260.0 3360
1762410117398 5020045.0 3370
1762410124292 5034949.0 3380
1762410131184 5049925.0 3390
1762410138105 5065349.0 3400
1762410154260 5080578.0 3410
1762410161155 5095767.0 3420
1762410168062 5110552.0 3430
1762410174987 5125301.0 3440
1762410181917 5140564.0 3450
1762410198106 5155466.0 3460
1762410205049 5170542.0 3470
1762410211952 5185439.0 3480
1762410218862 5199899.0 3490
1762410225776 5214650.0 3500
1762410242668 5229633.0 3510
1762410249571 5244292.0 3520
1762410256493 5259161.0 3530
1762410263415 5273732.0 3540
1762410270341 5288538.0 3550
1762410286547 5303028.0 3560
1762410293469 5318209.0 3570
1762410300373 5333055.0 3580
1762410307297 5347903.0 3590
1762410314213 5363048.0 3600
1762410330392 5378036.0 3610
1762410337318 5392826.0 3620
1762410344229 5407552.0 3630
1762410351124 5422421.0 3640
1762410358036 5437708.0 3650
1762410374223 5452859.0 3660
1762410381151 5467472.0 3670
1762410388072 5482476.0 3680
1762410394969 5497223.0 3690
1762410401875 5511900.0 3700
1762410418099 5526967.0 3710
1762410425031 5541841.0 3720
1762410431962 5556430.0 3730
1762410438915 5571240.0 3740
1762410445824 5586172.0 3750
1762410462748 5600981.0 3760
1762410469675 5615945.0 3770
1762410476590 5631150.0 3780
1762410483513 5646358.0 3790
1762410490426 5661128.0 3800
1762410506631 5676234.0 3810
1762410513548 5691000.0 3820
1762410520453 5706005.0 3830
1762410527339 5720671.0 3840
1762410534263 5735895.0 3850
1762410550407 5750550.0 3860
1762410557329 5765586.0 3870
1762410564230 5780212.0 3880
1762410571148 5795162.0 3890
1762410578088 5810021.0 3900
1762410594316 5824695.0 3910
1762410601239 5839593.0 3920
1762410608164 5854364.0 3930
1762410615091 5869315.0 3940
1762410622020 5884198.0 3950
1762410638215 5899110.0 3960
1762410645138 5914247.0 3970
1762410652039 5928905.0 3980
1762410658945 5944202.0 3990
1762410665858 5959316.0 4000
1762410682725 5974099.0 4010
1762410689644 5988799.0 4020
1762410696537 6003974.0 4030
1762410703422 6018860.0 4040
1762410710316 6033650.0 4050
1762410726518 6048376.0 4060
1762410733446 6063338.0 4070
1762410740337 6077890.0 4080
1762410747230 6092578.0 4090
1762410754140 6107626.0 4100
1762410770364 6122446.0 4110
1762410777276 6137201.0 4120
1762410784181 6151994.0 4130
1762410791084 6166696.0 4140
1762410798008 6181619.0 4150
1762410814240 6196562.0 4160
1762410821158 6211500.0 4170
1762410828081 6226644.0 4180
1762410835008 6241580.0 4190
1762410841937 6256708.0 4200
1762410858163 6271698.0 4210
1762410865093 6286426.0 4220
1762410872015 6301467.0 4230
1762410878933 6316457.0 4240
1762410885854 6331585.0 4250
1762410902790 6346453.0 4260
1762410909722 6361204.0 4270
1762410916652 6376293.0 4280
1762410923577 6391009.0 4290
1762410930488 6405547.0 4300
1762410946700 6420213.0 4310
1762410953630 6434780.0 4320
1762410960500 6449410.0 4330
1762410967433 6464364.0 4340
1762410974339 6479066.0 4350
1762411178812 6494427.0 4360
1762411185736 6509064.0 4370
1762411192643 6524246.0 4380
1762411199563 6539320.0 4390
1762411206503 6554329.0 4400
1762411222711 6568763.0 4410
1762411229617 6583489.0 4420
1762411236515 6598635.0 4430
1762411243405 6613472.0 4440
1762411250313 6628291.0 4450
1762411266513 6643150.0 4460
1762411273426 6658273.0 4470
1762411280390 6673500.0 4480
1762411287304 6688352.0 4490
1762411294229 6703343.0 4500
1762411311192 6717931.0 4510
1762411318104 6732629.0 4520
1762411325026 6748013.0 4530
1762411331942 6763338.0 4540
1762411338841 6778424.0 4550
1762411355002 6793446.0 4560
1762411361941 6808146.0 4570
1762411368858 6823061.0 4580
1762411375782 6837901.0 4590
1762411382686 6852526.0 4600
1762411398837 6867491.0 4610
1762411405778 6882623.0 4620
1762411412717 6897452.0 4630
1762411419629 6912455.0 4640
1762411426551 6927135.0 4650
1762411442775 6942113.0 4660
1762411449700 6956792.0 4670
1762411456621 6971470.0 4680
1762411463521 6986117.0 4690
1762411470441 7000699.0 4700
1762411486669 7015714.0 4710
1762411493582 7030812.0 4720
1762411500521 7045878.0 4730
1762411507424 7061180.0 4740
1762411514343 7075758.0 4750
1762411531222 7090521.0 4760
1762411538139 7105801.0 4770
1762411545049 7120787.0 4780
1762411551955 7135597.0 4790
1762411558889 7150564.0 4800
1762411575067 7165231.0 4810
1762411581947 7180102.0 4820
1762411588880 7195280.0 4830
1762411595810 7210006.0 4840
1762411602744 7225047.0 4850
1762411618970 7239785.0 4860
1762411625857 7254453.0 4870
1762411632796 7269311.0 4880
1762411639714 7284206.0 4890
1762411646653 7299332.0 4900
1762411662868 7314249.0 4910
1762411669790 7328615.0 4920
1762411676700 7343419.0 4930
1762411683626 7358286.0 4940
1762411690543 7373151.0 4950
1762411706722 7388359.0 4960
1762411713641 7403668.0 4970
1762411720571 7418571.0 4980
1762411727495 7433456.0 4990
1762411734395 7448602.0 5000
1762411751281 7463423.0 5010
1762411758216 7478229.0 5020
1762411765135 7492993.0 5030
1762411772055 7508023.0 5040
1762411778973 7522628.0 5050
1762411795188 7537484.0 5060
1762411802100 7552346.0 5070
1762411809032 7567093.0 5080
1762411815964 7582263.0 5090
1762411822857 7597243.0 5100
1762411839090 7612652.0 5110
1762411846030 7627645.0 5120
1762411852974 7642277.0 5130
1762411859908 7657260.0 5140
1762411866837 7672120.0 5150
1762411883009 7686844.0 5160
1762411889923 7701949.0 5170
1762411896822 7717057.0 5180
1762411903736 7731812.0 5190
1762411910636 7746320.0 5200
1762411926809 7761213.0 5210
1762411933712 7776148.0 5220
1762411940617 7790916.0 5230
1762411947508 7805675.0 5240
1762411954396 7820179.0 5250
1762411971290 7835458.0 5260
1762411978211 7850244.0 5270
1762411985122 7865356.0 5280
1762411992054 7880210.0 5290
1762411999010 7894935.0 5300
1762412015223 7909738.0 5310
1762412022159 7924662.0 5320
1762412029098 7939686.0 5330
1762412036016 7954658.0 5340
1762412042938 7969568.0 5350
1762412059092 7984403.0 5360
1762412066019 7999416.0 5370
1762412072940 8014412.0 5380
1762412079829 8029260.0 5390
1762412086744 8044205.0 5400
1762412102973 8058881.0 5410
1762412109891 8073910.0 5420
1762412116798 8088525.0 5430
1762412123704 8103550.0 5440
1762412130603 8118380.0 5450
1762412146804 8133460.0 5460
1762412153728 8148580.0 5470
1762412160612 8163779.0 5480
1762412167523 8178367.0 5490
1762412174442 8193024.0 5500
1762412191719 8208038.0 5510
1762412198623 8222983.0 5520
1762412205509 8237473.0 5530
1762412212427 8252304.0 5540
1762412219327 8267420.0 5550
1762412235538 8282474.0 5560
1762412242421 8296998.0 5570
1762412249363 8311842.0 5580
1762412256290 8327260.0 5590
1762412263195 8341979.0 5600
1762412279420 8356860.0 5610
