1762479416447 0.053475935828877004 10
1762479419927 0.10695187165775401 20
1762479423406 0.16042780748663102 30
1762479426894 0.21390374331550802 40
1762479430368 0.26737967914438504 50
1762479438217 0.26737967914438504 50
1762479441696 0.32085561497326204 60
1762479445171 0.37433155080213903 70
1762479448660 0.42780748663101603 80
1762479452142 0.48128342245989303 90
1762479455610 0.5347593582887701 100
1762479463295 0.5347593582887701 100
1762479466770 0.5882352941176471 110
1762479470261 0.6417112299465241 120
1762479473751 0.6951871657754011 130
1762479477218 0.7486631016042781 140
1762479480704 0.8021390374331551 150
1762479488393 0.8021390374331551 150
1762479491882 0.8556149732620321 160
1762479495375 0.9090909090909091 170
1762479498886 0.9625668449197861 180
1762479502021 1.0 187
