1762479416447 4.241512298583984 10
1762479419927 3.5394341945648193 20
1762479423406 3.004836082458496 30
1762479426894 2.9158430099487305 40
1762479430368 3.4585299491882324 50
1762479441696 2.043715238571167 60
1762479445171 1.4399968385696411 70
1762479448660 1.6225119829177856 80
1762479452142 1.2710644006729126 90
1762479455610 1.7149046659469604 100
1762479466770 1.6569048166275024 110
1762479470261 1.1706565618515015 120
1762479473751 1.5073456764221191 130
1762479477218 1.501975178718567 140
1762479480704 1.7833178043365479 150
1762479491882 1.562048077583313 160
1762479495375 2.192805051803589 170
1762479498886 1.9817143678665161 180
