1762479416447 4.964803064757438e-05 10
1762479419927 4.860203318430126e-05 20
1762479423406 4.689146033416362e-05 30
1762479426894 4.456447763462863e-05 40
1762479430368 4.168660721320517e-05 50
1762479441696 3.833888284498071e-05 60
1762479445171 3.461556824019392e-05 70
1762479448660 3.06215028092707e-05 80
1762479452142 2.646914964207245e-05 90
1762479455610 2.2275428823023263e-05 100
1762479466770 1.815842524819793e-05 110
1762479470261 1.4234063644169654e-05 120
1762479473751 1.0612844411934746e-05 130
1762479477218 7.396732206546081e-06 140
1762479480704 4.6762848624243575e-06 150
1762479491882 2.5281035067710653e-06 160
1762479495375 1.0126756596375686e-06 170
1762479498886 1.726720536641274e-07 180
