1762479416447 0.41018299758434296 10
1762479419927 0.46530349999666215 20
1762479423406 0.5419285610318184 30
1762479426894 0.6377670988440514 40
1762479441696 0.7595602393150329 60
1762479445171 0.8318807259202003 70
1762479448660 0.8430663630366325 80
1762479452142 0.8542366370558738 90
1762479466770 0.8737045913934708 110
1762479470261 0.8732649311423302 120
1762479473751 0.8796520218253135 130
1762479477218 0.8795958593487739 140
1762479491882 0.8784751802682876 160
1762479495375 0.8841346472501754 170
1762479498886 0.8832184731960296 180
1762479502021 0.8825780217136655 187
