1762397460766 2.2362022399902344 10
1762397463534 2.462532067298889 20
1762397466292 2.4602193593978883 30
1762397469045 1.8078065752983092 40
1762397471799 1.074357032775879 50
1762397487933 0.8727626860141754 60
1762397490680 0.865327799320221 70
1762397493434 0.8060986697673798 80
1762397496170 0.776645165681839 90
1762397498919 0.6810468971729279 100
1762397515598 0.6957323908805847 110
1762397518366 0.7511178016662597 120
1762397521114 0.6792013227939606 130
1762397523871 0.6650171220302582 140
1762397526618 0.6915887773036957 150
1762397542447 0.6524282813072204 160
1762397545195 0.6316884398460388 170
1762397547953 0.6027628302574157 180
1762397550698 0.5884817779064179 190
1762397553444 0.6018903076648712 200
