1762397460766 0.013368983957219251 10
1762397463534 0.026737967914438502 20
1762397466292 0.040106951871657755 30
1762397469045 0.053475935828877004 40
1762397471799 0.06684491978609626 50
1762397485173 0.06684491978609626 50
1762397487933 0.08021390374331551 60
1762397490680 0.09358288770053476 70
1762397493434 0.10695187165775401 80
1762397496170 0.12032085561497326 90
1762397498919 0.13368983957219252 100
1762397511979 0.13368983957219252 100
1762397515598 0.14705882352941177 110
1762397518366 0.16042780748663102 120
1762397521114 0.17379679144385027 130
1762397523871 0.18716577540106952 140
1762397526618 0.20053475935828877 150
1762397539697 0.20053475935828877 150
1762397542447 0.21390374331550802 160
1762397545195 0.22727272727272727 170
1762397547953 0.24064171122994651 180
1762397550698 0.2540106951871658 190
1762397553444 0.26737967914438504 200
1762397566481 0.26737967914438504 200
1762397568090 0.26737967914438504 200
