1762397460766 2.5645434856414795 10
1762397463534 2.103525161743164 20
1762397466292 1.7721707820892334 30
1762397469045 2.2816553115844727 40
1762397471799 1.4517226219177246 50
1762397487933 1.1336177587509155 60
1762397490680 2.0103604793548584 70
1762397493434 1.371315598487854 80
1762397496170 0.9331597089767456 90
1762397498919 1.0417200326919556 100
1762397515598 1.3596346378326416 110
1762397518366 1.0212311744689941 120
1762397521114 1.3539557456970215 130
1762397523871 1.0149728059768677 140
1762397526618 1.299124002456665 150
1762397542447 1.9918265342712402 160
1762397545195 1.326795220375061 170
1762397547953 1.4329614639282227 180
1762397550698 1.6177092790603638 190
1762397553444 1.5402601957321167 200
