1762397460766 4.775e-05 10
1762397463534 4.525e-05 20
1762397466292 4.275e-05 30
1762397469045 4.025e-05 40
1762397471799 3.775e-05 50
1762397487933 3.525e-05 60
1762397490680 3.275e-05 70
1762397493434 3.025e-05 80
1762397496170 2.7750000000000004e-05 90
1762397498919 2.525e-05 100
1762397515598 2.275e-05 110
1762397518366 2.025e-05 120
1762397521114 1.775e-05 130
1762397523871 1.525e-05 140
1762397526618 1.2750000000000002e-05 150
1762397542447 1.025e-05 160
1762397545195 7.75e-06 170
1762397547953 5.25e-06 180
1762397550698 2.7500000000000004e-06 190
1762397553444 2.5000000000000004e-07 200
