1762397460766 0.39839513301849366 10
1762397463534 0.47636017501354216 20
1762397466292 0.5834682315587998 30
1762397469045 0.7064210593700408 40
1762397471799 0.81007239818573 50
1762397487933 0.8193913459777832 60
1762397490680 0.8165418207645416 70
1762397493434 0.8531139910221099 80
1762397496170 0.8590300619602204 90
1762397498919 0.8789774239063263 100
1762397515598 0.8591603338718414 110
1762397518366 0.8660146534442902 120
1762397521114 0.8735000491142273 130
1762397523871 0.8756680488586426 140
1762397526618 0.8688985049724579 150
1762397542447 0.880135452747345 160
1762397545195 0.8875587165355683 170
1762397547953 0.8904082953929902 180
1762397550698 0.8919522821903229 190
1762397553444 0.8888375699520111 200
