1762397460766 3723.0 10
1762397463534 7465.0 20
1762397466292 11140.0 30
1762397469045 14810.0 40
1762397471799 18361.0 50
1762397487933 22120.0 60
1762397490680 25889.0 70
1762397493434 29605.0 80
1762397496170 33224.0 90
1762397498919 36767.0 100
1762397515598 40532.0 110
1762397518366 44326.0 120
1762397521114 48079.0 130
1762397523871 51874.0 140
1762397526618 55808.0 150
1762397542447 59549.0 160
1762397545195 63289.0 170
1762397547953 67012.0 180
1762397550698 70770.0 190
1762397553444 74523.0 200
