1762396681758 2.2385111093521117 10
1762396684518 2.469754457473755 20
1762396687272 2.4451754331588744 30
1762396690019 1.8063168287277223 40
1762396692771 1.0935260832309723 50
1762396708509 0.8717205882072449 60
1762396711260 0.866153872013092 70
1762396714018 0.805242532491684 80
1762396716752 0.7763191401958466 90
1762396719496 0.6826244354248047 100
1762396736065 0.6935205638408661 110
1762396738821 0.7500592172145844 120
1762396741564 0.6802056133747101 130
1762396744327 0.6644677758216858 140
1762396747066 0.6898515343666076 150
1762396762807 0.6522275388240815 160
1762396765540 0.6310926735401153 170
1762396768293 0.6028798818588257 180
1762396771030 0.5897868871688843 190
1762396773772 0.6025341212749481 200
