1762396681758 0.013368983957219251 10
1762396684518 0.026737967914438502 20
1762396687272 0.040106951871657755 30
1762396690019 0.053475935828877004 40
1762396692771 0.06684491978609626 50
1762396705746 0.06684491978609626 50
1762396708509 0.08021390374331551 60
1762396711260 0.09358288770053476 70
1762396714018 0.10695187165775401 80
1762396716752 0.12032085561497326 90
1762396719496 0.13368983957219252 100
1762396732473 0.13368983957219252 100
1762396736065 0.14705882352941177 110
1762396738821 0.16042780748663102 120
1762396741564 0.17379679144385027 130
1762396744327 0.18716577540106952 140
1762396747066 0.20053475935828877 150
1762396760052 0.20053475935828877 150
1762396762807 0.21390374331550802 160
1762396765540 0.22727272727272727 170
1762396768293 0.24064171122994651 180
1762396771030 0.2540106951871658 190
1762396773772 0.26737967914438504 200
1762396786746 0.26737967914438504 200
1762396787557 0.26737967914438504 200
