1762396681758 2.526674747467041 10
1762396684518 2.091892957687378 20
1762396687272 1.7571320533752441 30
1762396690019 2.2741332054138184 40
1762396692771 1.439504861831665 50
1762396708509 1.1145830154418945 60
1762396711260 1.7555809020996094 70
1762396714018 1.370469331741333 80
1762396716752 0.9586180448532104 90
1762396719496 1.029035210609436 100
1762396736065 1.4386221170425415 110
1762396738821 1.039635419845581 120
1762396741564 1.328179955482483 130
1762396744327 1.0346983671188354 140
1762396747066 1.28268301486969 150
1762396762807 1.9977878332138062 160
1762396765540 1.3979942798614502 170
1762396768293 1.4449712038040161 180
1762396771030 1.653231143951416 190
1762396773772 1.558172583580017 200
