1762396681758 4.775e-05 10
1762396684518 4.525e-05 20
1762396687272 4.275e-05 30
1762396690019 4.025e-05 40
1762396692771 3.775e-05 50
1762396708509 3.525e-05 60
1762396711260 3.275e-05 70
1762396714018 3.025e-05 80
1762396716752 2.7750000000000004e-05 90
1762396719496 2.525e-05 100
1762396736065 2.275e-05 110
1762396738821 2.025e-05 120
1762396741564 1.775e-05 130
1762396744327 1.525e-05 140
1762396747066 1.2750000000000002e-05 150
1762396762807 1.025e-05 160
1762396765540 7.75e-06 170
1762396768293 5.25e-06 180
1762396771030 2.7500000000000004e-06 190
1762396773772 2.5000000000000004e-07 200
