1762396681758 0.39678416550159457 10
1762396684518 0.47568432092666624 20
1762396687272 0.5824952572584152 30
1762396690019 0.7052556931972503 40
1762396692771 0.8055277705192566 50
1762396708509 0.820155018568039 60
1762396711260 0.8138893067836761 70
1762396714018 0.8547147750854492 80
1762396716752 0.8569063365459442 90
1762396719496 0.8784216344356537 100
1762396736065 0.8589206576347351 110
1762396738821 0.8665854573249817 120
1762396741564 0.87320197224617 130
1762396744327 0.8767151951789856 140
1762396747066 0.8687037050724029 150
1762396762807 0.8820689916610718 160
1762396765540 0.8864405214786529 170
1762396768293 0.8898813545703887 180
1762396771030 0.8922519385814667 190
1762396773772 0.8879908382892608 200
