1762396681758 3723.0 10
1762396684518 7465.0 20
1762396687272 11140.0 30
1762396690019 14810.0 40
1762396692771 18361.0 50
1762396708509 22120.0 60
1762396711260 25889.0 70
1762396714018 29605.0 80
1762396716752 33224.0 90
1762396719496 36767.0 100
1762396736065 40532.0 110
1762396738821 44326.0 120
1762396741564 48079.0 130
1762396744327 51874.0 140
1762396747066 55808.0 150
1762396762807 59549.0 160
1762396765540 63289.0 170
1762396768293 67012.0 180
1762396771030 70770.0 190
1762396773772 74523.0 200
