1762576564944 0.053475935828877004 10
1762576569492 0.10695187165775401 20
1762576574011 0.16042780748663102 30
1762576578555 0.21390374331550802 40
1762576583109 0.26737967914438504 50
1762576600241 0.26737967914438504 50
1762576604750 0.32085561497326204 60
1762576609292 0.37433155080213903 70
1762576613861 0.42780748663101603 80
1762576618381 0.48128342245989303 90
1762576622899 0.5347593582887701 100
1762576639835 0.5347593582887701 100
1762576644361 0.5882352941176471 110
1762576648970 0.6417112299465241 120
1762576653618 0.6951871657754011 130
1762576658155 0.7486631016042781 140
1762576662812 0.8021390374331551 150
1762576679720 0.8021390374331551 150
1762576684300 0.8556149732620321 160
1762576688910 0.9090909090909091 170
1762576693421 0.9625668449197861 180
1762576698010 1.0160427807486632 190
1762576702486 1.0695187165775402 200
1762576719439 1.0695187165775402 200
1762576723980 1.1229946524064172 210
1762576728591 1.1764705882352942 220
1762576733219 1.2299465240641712 230
1762576737733 1.2834224598930482 240
1762576742288 1.3368983957219251 250
1762576759240 1.3368983957219251 250
1762576764418 1.3903743315508021 260
1762576769059 1.4438502673796791 270
1762576773708 1.4973262032085561 280
1762576778234 1.5508021390374331 290
1762576782761 1.6042780748663101 300
1762576799712 1.6042780748663101 300
1762576804265 1.6577540106951871 310
1762576808769 1.7112299465240641 320
1762576813382 1.7647058823529411 330
1762576817991 1.8181818181818183 340
1762576822577 1.8716577540106951 350
1762576839553 1.8716577540106951 350
1762576844079 1.9251336898395723 360
1762576848588 1.9786096256684491 370
1762576853090 2.0320855614973263 380
1762576857683 2.085561497326203 390
1762576862249 2.1390374331550803 400
1762576879215 2.1390374331550803 400
1762576883927 2.192513368983957 410
1762576888427 2.2459893048128343 420
1762576892973 2.299465240641711 430
1762576897458 2.3529411764705883 440
1762576902043 2.406417112299465 450
1762576918994 2.406417112299465 450
1762576923555 2.4598930481283423 460
1762576928125 2.5133689839572195 470
1762576932750 2.5668449197860963 480
1762576937348 2.620320855614973 490
1762576941901 2.6737967914438503 500
1762576958878 2.6737967914438503 500
1762576964131 2.7272727272727275 510
1762576968664 2.7807486631016043 520
1762576973209 2.834224598930481 530
1762576977690 2.8877005347593583 540
1762576982199 2.9411764705882355 550
1762576999174 2.9411764705882355 550
1762577003727 2.9946524064171123 560
1762577008256 3.0481283422459895 570
1762577012847 3.1016042780748663 580
1762577017372 3.1550802139037435 590
1762577021923 3.2085561497326203 600
1762577038874 3.2085561497326203 600
1762577043593 3.2620320855614975 610
1762577048214 3.3155080213903743 620
1762577052773 3.3689839572192515 630
1762577057441 3.4224598930481283 640
1762577061925 3.4759358288770055 650
1762577078892 3.4759358288770055 650
1762577083387 3.5294117647058822 660
1762577087936 3.5828877005347595 670
1762577092481 3.6363636363636362 680
1762577096972 3.6898395721925135 690
1762577101570 3.7433155080213902 700
1762577118511 3.7433155080213902 700
1762577123068 3.7967914438502675 710
1762577127540 3.8502673796791442 720
1762577132032 3.9037433155080214 730
1762577136588 3.9572192513368982 740
1762577141317 4.010695187165775 750
1762577158284 4.010695187165775 750
1762577163427 4.064171122994653 760
1762577167931 4.117647058823529 770
1762577172463 4.171122994652406 780
1762577177060 4.224598930481283 790
1762577181612 4.278074866310161 800
1762577198574 4.278074866310161 800
1762577203132 4.331550802139038 810
1762577207756 4.385026737967914 820
1762577212312 4.438502673796791 830
1762577216798 4.491978609625669 840
1762577221439 4.545454545454545 850
1762577238373 4.545454545454545 850
1762577242958 4.598930481283422 860
1762577247623 4.652406417112299 870
1762577252231 4.705882352941177 880
1762577256783 4.759358288770054 890
1762577261365 4.81283422459893 900
1762577278332 4.81283422459893 900
1762577282914 4.866310160427807 910
1762577287432 4.919786096256685 920
1762577291961 4.973262032085562 930
1762577296467 5.026737967914438 940
1762577301041 5.080213903743315 950
1762577317993 5.080213903743315 950
1762577322577 5.133689839572193 960
1762577327117 5.18716577540107 970
1762577331758 5.240641711229946 980
1762577336349 5.294117647058823 990
1762577340980 5.347593582887701 1000
1762577357934 5.347593582887701 1000
1762577363132 5.401069518716578 1010
1762577367670 5.454545454545454 1020
1762577372190 5.508021390374331 1030
1762577376713 5.561497326203209 1040
1762577381273 5.614973262032086 1050
1762577398237 5.614973262032086 1050
1762577402777 5.668449197860962 1060
1762577407274 5.721925133689839 1070
1762577411820 5.775401069518717 1080
1762577416406 5.828877005347594 1090
1762577421024 5.882352941176471 1100
1762577437993 5.882352941176471 1100
1762577442610 5.935828877005347 1110
1762577447131 5.989304812834225 1120
1762577451672 6.042780748663102 1130
1762577456199 6.096256684491979 1140
1762577460705 6.149732620320855 1150
1762577477653 6.149732620320855 1150
1762577482216 6.2032085561497325 1160
1762577486865 6.25668449197861 1170
1762577491429 6.310160427807487 1180
1762577495983 6.363636363636363 1190
1762577500598 6.4171122994652405 1200
1762577517553 6.4171122994652405 1200
1762577522111 6.470588235294118 1210
1762577526643 6.524064171122995 1220
1762577531246 6.577540106951871 1230
1762577535767 6.6310160427807485 1240
1762577540304 6.684491978609626 1250
1762577557273 6.684491978609626 1250
1762577562545 6.737967914438503 1260
1762577567065 6.791443850267379 1270
1762577571660 6.8449197860962565 1280
1762577576202 6.898395721925134 1290
1762577580751 6.951871657754011 1300
1762577597716 6.951871657754011 1300
1762577602220 7.005347593582887 1310
1762577606774 7.0588235294117645 1320
1762577611402 7.112299465240642 1330
1762577615905 7.165775401069519 1340
1762577620445 7.219251336898395 1350
1762577637379 7.219251336898395 1350
1762577641951 7.2727272727272725 1360
1762577646517 7.32620320855615 1370
1762577651074 7.379679144385027 1380
1762577655680 7.433155080213904 1390
1762577660196 7.4866310160427805 1400
1762577677176 7.4866310160427805 1400
1762577681694 7.540106951871658 1410
1762577686223 7.593582887700535 1420
1762577690771 7.647058823529412 1430
1762577695287 7.7005347593582885 1440
1762577699764 7.754010695187166 1450
1762577716695 7.754010695187166 1450
1762577721271 7.807486631016043 1460
1762577725854 7.86096256684492 1470
1762577730398 7.9144385026737964 1480
1762577734934 7.967914438502674 1490
1762577739544 8.02139037433155 1500
1762577756500 8.02139037433155 1500
1762577761801 8.074866310160427 1510
1762577766332 8.128342245989305 1520
1762577770921 8.181818181818182 1530
1762577775441 8.235294117647058 1540
1762577779932 8.288770053475936 1550
1762577796895 8.288770053475936 1550
1762577801468 8.342245989304812 1560
1762577806052 8.39572192513369 1570
1762577810659 8.449197860962567 1580
1762577815204 8.502673796791443 1590
1762577819722 8.556149732620321 1600
1762577836658 8.556149732620321 1600
1762577841258 8.609625668449198 1610
1762577845811 8.663101604278076 1620
1762577850284 8.716577540106952 1630
1762577854835 8.770053475935828 1640
1762577859409 8.823529411764707 1650
1762579489691 8.823529411764707 1650
1762579494253 8.877005347593583 1660
1762579498785 8.93048128342246 1670
1762579503345 8.983957219251337 1680
1762579507858 9.037433155080214 1690
1762579512390 9.090909090909092 1700
1762579529236 9.090909090909092 1700
1762579533862 9.144385026737968 1710
1762579538373 9.197860962566844 1720
1762579542973 9.251336898395722 1730
1762579547521 9.304812834224599 1740
1762579552070 9.358288770053475 1750
1762579568996 9.358288770053475 1750
1762579574302 9.411764705882353 1760
1762579578903 9.46524064171123 1770
1762579583502 9.518716577540108 1780
1762579588028 9.572192513368984 1790
1762579592499 9.62566844919786 1800
1762579609434 9.62566844919786 1800
1762579614117 9.679144385026738 1810
1762579618752 9.732620320855615 1820
1762579623281 9.786096256684491 1830
1762579627827 9.83957219251337 1840
1762579632322 9.893048128342246 1850
1762579649257 9.893048128342246 1850
1762579653763 9.946524064171124 1860
1762579658263 10.0 1870
1762579662854 10.053475935828876 1880
1762579667405 10.106951871657754 1890
1762579671971 10.16042780748663 1900
1762579688922 10.16042780748663 1900
1762579693505 10.213903743315509 1910
1762579698066 10.267379679144385 1920
1762579702660 10.320855614973262 1930
1762579707172 10.37433155080214 1940
1762579711800 10.427807486631016 1950
1762579728768 10.427807486631016 1950
1762579733351 10.481283422459892 1960
1762579737879 10.53475935828877 1970
1762579742411 10.588235294117647 1980
1762579746879 10.641711229946525 1990
1762579751496 10.695187165775401 2000
1762579768457 10.695187165775401 2000
1762579773762 10.748663101604278 2010
1762579778356 10.802139037433156 2020
1762579782904 10.855614973262032 2030
1762579787473 10.909090909090908 2040
1762579791969 10.962566844919786 2050
1762579808920 10.962566844919786 2050
1762579813417 11.016042780748663 2060
1762579817891 11.06951871657754 2070
1762579822419 11.122994652406417 2080
1762579826910 11.176470588235293 2090
1762579831488 11.229946524064172 2100
1762579848436 11.229946524064172 2100
1762579853017 11.283422459893048 2110
1762579857555 11.336898395721924 2120
1762579862190 11.390374331550802 2130
1762579866803 11.443850267379679 2140
1762579871388 11.497326203208557 2150
1762579888333 11.497326203208557 2150
1762579892916 11.550802139037433 2160
1762579897415 11.60427807486631 2170
1762579901930 11.657754010695188 2180
1762579906470 11.711229946524064 2190
1762579910993 11.764705882352942 2200
1762579927951 11.764705882352942 2200
1762579932585 11.818181818181818 2210
1762579937153 11.871657754010695 2220
1762579941752 11.925133689839573 2230
1762579946376 11.97860962566845 2240
1762579950891 12.032085561497325 2250
1762579967834 12.032085561497325 2250
1762579973018 12.085561497326204 2260
1762579977556 12.13903743315508 2270
1762579982070 12.192513368983958 2280
1762579986532 12.245989304812834 2290
1762579991210 12.29946524064171 2300
1762580008152 12.29946524064171 2300
1762580012655 12.352941176470589 2310
1762580017232 12.406417112299465 2320
1762580021891 12.459893048128341 2330
1762580026530 12.51336898395722 2340
1762580031198 12.566844919786096 2350
1762580048133 12.566844919786096 2350
1762580052628 12.620320855614974 2360
1762580057212 12.67379679144385 2370
1762580061759 12.727272727272727 2380
1762580066303 12.780748663101605 2390
1762580070935 12.834224598930481 2400
1762580087877 12.834224598930481 2400
1762580092376 12.887700534759357 2410
1762580096829 12.941176470588236 2420
1762580101370 12.994652406417112 2430
1762580105948 13.04812834224599 2440
1762580110430 13.101604278074866 2450
1762580127372 13.101604278074866 2450
1762580131925 13.155080213903743 2460
1762580136432 13.20855614973262 2470
1762580140929 13.262032085561497 2480
1762580145489 13.315508021390375 2490
1762580150036 13.368983957219251 2500
1762580564344 13.368983957219251 2500
1762580569685 13.422459893048128 2510
1762580574383 13.475935828877006 2520
1762580578940 13.529411764705882 2530
1762580583445 13.582887700534759 2540
1762580588040 13.636363636363637 2550
1762580604887 13.636363636363637 2550
1762580609525 13.689839572192513 2560
1762580614070 13.743315508021391 2570
1762580618557 13.796791443850267 2580
1762580623219 13.850267379679144 2590
1762580627730 13.903743315508022 2600
1762580644664 13.903743315508022 2600
1762580649133 13.957219251336898 2610
1762580653636 14.010695187165775 2620
1762580658254 14.064171122994653 2630
1762580662799 14.117647058823529 2640
1762580667312 14.171122994652407 2650
1762580684249 14.171122994652407 2650
1762580688792 14.224598930481283 2660
1762580693314 14.27807486631016 2670
1762580697866 14.331550802139038 2680
1762580702368 14.385026737967914 2690
1762580706898 14.43850267379679 2700
1762580723810 14.43850267379679 2700
1762580728459 14.491978609625669 2710
1762580733010 14.545454545454545 2720
1762580737647 14.598930481283423 2730
1762580742224 14.6524064171123 2740
1762580746773 14.705882352941176 2750
1762580763730 14.705882352941176 2750
1762580768975 14.759358288770054 2760
1762580773475 14.81283422459893 2770
1762580778087 14.866310160427808 2780
1762580782660 14.919786096256685 2790
1762580787206 14.973262032085561 2800
1762580804141 14.973262032085561 2800
1762580808670 15.026737967914439 2810
1762580813258 15.080213903743315 2820
1762580817756 15.133689839572192 2830
1762580822327 15.18716577540107 2840
1762580826858 15.240641711229946 2850
1762580843809 15.240641711229946 2850
1762580848445 15.294117647058824 2860
1762580853132 15.3475935828877 2870
1762580857653 15.401069518716577 2880
1762580862270 15.454545454545455 2890
1762580866903 15.508021390374331 2900
1762580883828 15.508021390374331 2900
1762580888376 15.56149732620321 2910
1762580892984 15.614973262032086 2920
1762580897579 15.668449197860962 2930
1762580902079 15.72192513368984 2940
1762580906632 15.775401069518717 2950
1762580923590 15.775401069518717 2950
1762580928192 15.828877005347593 2960
1762580932661 15.882352941176471 2970
1762580937154 15.935828877005347 2980
1762581652590 15.989304812834224 2990
1762581657133 16.0427807486631 3000
1762581674019 16.0427807486631 3000
1762581679376 16.09625668449198 3010
1762581683991 16.149732620320854 3020
1762581688493 16.203208556149733 3030
1762581692978 16.25668449197861 3040
1762581697504 16.310160427807485 3050
1762581714370 16.310160427807485 3050
1762581718896 16.363636363636363 3060
1762581723418 16.41711229946524 3070
1762581727891 16.470588235294116 3080
1762581732415 16.524064171122994 3090
1762581737028 16.577540106951872 3100
1762581753948 16.577540106951872 3100
1762581758505 16.63101604278075 3110
1762581763115 16.684491978609625 3120
1762581767701 16.737967914438503 3130
1762581772203 16.79144385026738 3140
1762581776755 16.844919786096256 3150
1762581793689 16.844919786096256 3150
1762581798276 16.898395721925134 3160
1762581802965 16.951871657754012 3170
1762581807527 17.005347593582886 3180
1762581812140 17.058823529411764 3190
1762581816689 17.112299465240643 3200
1762581833648 17.112299465240643 3200
1762581838204 17.165775401069517 3210
1762581842787 17.219251336898395 3220
1762581847406 17.272727272727273 3230
1762581851932 17.32620320855615 3240
1762581856438 17.379679144385026 3250
1762581873395 17.379679144385026 3250
1762581878613 17.433155080213904 3260
1762581883212 17.486631016042782 3270
1762581887744 17.540106951871657 3280
1762581892351 17.593582887700535 3290
1762581896884 17.647058823529413 3300
1762581913812 17.647058823529413 3300
1762581918362 17.700534759358288 3310
1762581923008 17.754010695187166 3320
1762581927560 17.807486631016044 3330
1762581932107 17.86096256684492 3340
1762581936645 17.914438502673796 3350
1762581953609 17.914438502673796 3350
1762581958155 17.967914438502675 3360
1762581962678 18.02139037433155 3370
1762581967258 18.074866310160427 3380
1762581971800 18.128342245989305 3390
1762581976469 18.181818181818183 3400
1762581993412 18.181818181818183 3400
1762581998071 18.235294117647058 3410
1762582002717 18.288770053475936 3420
1762582007250 18.342245989304814 3430
1762582011804 18.39572192513369 3440
1762582016417 18.449197860962567 3450
1762584976387 18.449197860962567 3450
1762584980883 18.502673796791445 3460
1762584985427 18.55614973262032 3470
1762584990085 18.609625668449198 3480
1762584994620 18.663101604278076 3490
1762584999128 18.71657754010695 3500
1762585016066 18.71657754010695 3500
1762585021408 18.77005347593583 3510
1762585025910 18.823529411764707 3520
1762585030370 18.87700534759358 3530
1762585034861 18.93048128342246 3540
1762585039424 18.983957219251337 3550
1762585056386 18.983957219251337 3550
1762585060889 19.037433155080215 3560
1762585065455 19.09090909090909 3570
1762585069941 19.144385026737968 3580
1762585074483 19.197860962566846 3590
1762585079138 19.25133689839572 3600
1762585096087 19.25133689839572 3600
1762585100641 19.3048128342246 3610
1762585105196 19.358288770053477 3620
1762585109727 19.41176470588235 3630
1762585114229 19.46524064171123 3640
1762585118777 19.518716577540108 3650
1762585135768 19.518716577540108 3650
1762585140360 19.572192513368982 3660
1762585144899 19.62566844919786 3670
1762585149487 19.67914438502674 3680
1762585153977 19.732620320855617 3690
1762585158504 19.78609625668449 3700
1762585175488 19.78609625668449 3700
1762585180228 19.83957219251337 3710
1762585184874 19.893048128342247 3720
1762585189410 19.946524064171122 3730
1762585193926 20.0 3740
1762585198431 20.053475935828878 3750
1762585215395 20.053475935828878 3750
1762585220698 20.106951871657753 3760
1762585225294 20.16042780748663 3770
1762585229842 20.21390374331551 3780
1762585234424 20.267379679144383 3790
1762585239002 20.32085561497326 3800
1762585255967 20.32085561497326 3800
1762585260509 20.37433155080214 3810
1762585265059 20.427807486631018 3820
1762585269662 20.481283422459892 3830
1762585274177 20.53475935828877 3840
1762585278769 20.58823529411765 3850
1762585295750 20.58823529411765 3850
1762585300293 20.641711229946523 3860
1762585304876 20.6951871657754 3870
1762585309433 20.74866310160428 3880
1762585313959 20.802139037433154 3890
1762587903196 20.855614973262032 3900
1762587920070 20.855614973262032 3900
1762587924679 20.90909090909091 3910
1762587929203 20.962566844919785 3920
1762587933763 21.016042780748663 3930
1762587938322 21.06951871657754 3940
1762587942775 21.122994652406415 3950
1762587959710 21.122994652406415 3950
1762587964525 21.176470588235293 3960
1762587969388 21.22994652406417 3970
1762587973955 21.28342245989305 3980
1762587978626 21.336898395721924 3990
1762587983253 21.390374331550802 4000
1762588000213 21.390374331550802 4000
1762588005520 21.44385026737968 4010
1762588010025 21.497326203208555 4020
1762588014609 21.550802139037433 4030
1762588019146 21.60427807486631 4040
1762588023651 21.657754010695186 4050
1762588040610 21.657754010695186 4050
1762588045113 21.711229946524064 4060
1762588049648 21.764705882352942 4070
1762588054122 21.818181818181817 4080
1762588058647 21.871657754010695 4090
1762588063186 21.925133689839573 4100
1762588080152 21.925133689839573 4100
1762588084704 21.97860962566845 4110
1762588089270 22.032085561497325 4120
1762588093819 22.085561497326204 4130
1762588098271 22.13903743315508 4140
1762588102911 22.192513368983956 4150
1762588119891 22.192513368983956 4150
1762588124445 22.245989304812834 4160
1762588128927 22.299465240641712 4170
1762588133497 22.352941176470587 4180
1762588138087 22.406417112299465 4190
1762588142683 22.459893048128343 4200
1762588159656 22.459893048128343 4200
1762588164171 22.513368983957218 4210
1762588168726 22.566844919786096 4220
1762588173352 22.620320855614974 4230
1762588177882 22.67379679144385 4240
1762588182448 22.727272727272727 4250
1762588199432 22.727272727272727 4250
1762588204701 22.780748663101605 4260
1762588209246 22.834224598930483 4270
1762588213824 22.887700534759357 4280
1762588218393 22.941176470588236 4290
1762588222945 22.994652406417114 4300
1762588239936 22.994652406417114 4300
1762588244443 23.048128342245988 4310
1762588248928 23.101604278074866 4320
1762588253492 23.155080213903744 4330
1762588258019 23.20855614973262 4340
1762588262539 23.262032085561497 4350
1762588279512 23.262032085561497 4350
1762588284117 23.315508021390375 4360
1762588288684 23.36898395721925 4370
1762588293353 23.422459893048128 4380
1762588297978 23.475935828877006 4390
1762588302556 23.529411764705884 4400
1762588319532 23.529411764705884 4400
1762588324095 23.58288770053476 4410
1762588328653 23.636363636363637 4420
1762588333207 23.689839572192515 4430
1762588337689 23.74331550802139 4440
1762588342255 23.796791443850267 4450
1762588359233 23.796791443850267 4450
1762588363793 23.850267379679146 4460
1762588368448 23.90374331550802 4470
1762588373041 23.9572192513369 4480
1762588377527 24.010695187165776 4490
1762588382087 24.06417112299465 4500
1762588399075 24.06417112299465 4500
1762588404298 24.11764705882353 4510
1762588408747 24.171122994652407 4520
1762588413376 24.224598930481285 4530
1762588417973 24.27807486631016 4540
1762588422522 24.331550802139038 4550
1762588439478 24.331550802139038 4550
1762588444057 24.385026737967916 4560
1762588448593 24.43850267379679 4570
1762588453168 24.49197860962567 4580
1762588457705 24.545454545454547 4590
1762588462289 24.59893048128342 4600
1762588479253 24.59893048128342 4600
1762588483835 24.6524064171123 4610
1762588488452 24.705882352941178 4620
1762588493013 24.759358288770052 4630
1762588497537 24.81283422459893 4640
1762588502026 24.86631016042781 4650
1762588518974 24.86631016042781 4650
1762588523506 24.919786096256683 4660
1762588528151 24.97326203208556 4670
1762588532734 25.02673796791444 4680
1762588537246 25.080213903743317 4690
1762588541722 25.13368983957219 4700
1762588558672 25.13368983957219 4700
1762588563290 25.18716577540107 4710
1762588567811 25.240641711229948 4720
1762588572401 25.294117647058822 4730
1762588576953 25.3475935828877 4740
1762588581432 25.40106951871658 4750
1762588598392 25.40106951871658 4750
1762588603670 25.454545454545453 4760
1762588608318 25.50802139037433 4770
1762588612876 25.56149732620321 4780
1762588617413 25.614973262032084 4790
1762588622048 25.668449197860962 4800
1762588639032 25.668449197860962 4800
1762588643579 25.72192513368984 4810
1762588648108 25.775401069518715 4820
1762588652649 25.828877005347593 4830
1762588657162 25.88235294117647 4840
1762588661787 25.93582887700535 4850
1762588678740 25.93582887700535 4850
1762591064753 25.989304812834224 4860
1762591069263 26.0427807486631 4870
1762591073832 26.09625668449198 4880
1762591078374 26.149732620320854 4890
1762591082953 26.203208556149733 4900
1762591099815 26.203208556149733 4900
1762591104430 26.25668449197861 4910
1762591108872 26.310160427807485 4920
1762591113412 26.363636363636363 4930
1762591117968 26.41711229946524 4940
1762591122432 26.470588235294116 4950
1762591139713 26.470588235294116 4950
1762591144336 26.524064171122994 4960
1762591148893 26.577540106951872 4970
1762591153466 26.63101604278075 4980
1762591157978 26.684491978609625 4990
1762591162538 26.737967914438503 5000
