1762576564944 2.9189393520355225 10
1762576569492 2.2352631092071533 20
1762576574011 2.6459925174713135 30
1762576578555 2.5077998638153076 40
1762576583109 2.9905574321746826 50
1762576604750 1.7997357845306396 60
1762576609292 0.9421087503433228 70
1762576613861 0.6913845539093018 80
1762576618381 0.5702817440032959 90
1762576622899 0.7710060477256775 100
1762576644361 0.7037236094474792 110
1762576648970 0.5203937888145447 120
1762576653618 0.5507405400276184 130
1762576658155 0.756456732749939 140
1762576662812 0.7169126272201538 150
1762576684300 0.7007463574409485 160
1762576688910 0.7982425093650818 170
1762576693421 0.9445444941520691 180
1762576698010 0.6956184506416321 190
1762576702486 0.6390023231506348 200
1762576723980 0.6208515763282776 210
1762576728591 0.6432805061340332 220
1762576733219 0.7374904155731201 230
1762576737733 0.7887284159660339 240
1762576742288 0.4919953942298889 250
1762576764418 0.7715699076652527 260
1762576769059 0.6390471458435059 270
1762576773708 0.6813283562660217 280
1762576778234 0.6485894322395325 290
1762576782761 1.0094835758209229 300
1762576804265 0.7356478571891785 310
1762576808769 0.5763161182403564 320
1762576813382 0.6913566589355469 330
1762576817991 0.8839221596717834 340
1762576822577 0.762262761592865 350
1762576844079 0.7710357904434204 360
1762576848588 0.7796086072921753 370
1762576853090 1.1195834875106812 380
1762576857683 0.8844571113586426 390
1762576862249 0.7934327125549316 400
1762576883927 0.6295415163040161 410
1762576888427 0.6267412304878235 420
1762576892973 0.594862699508667 430
1762576897458 0.8130822777748108 440
1762576902043 0.5534268021583557 450
1762576923555 0.7982673048973083 460
1762576928125 1.2318718433380127 470
1762576932750 1.660422444343567 480
1762576937348 0.6385625004768372 490
1762576941901 0.7587586641311646 500
1762576964131 0.6303648352622986 510
1762576968664 0.8178060054779053 520
1762576973209 0.5810412764549255 530
1762576977690 0.7466891407966614 540
1762576982199 0.644006609916687 550
1762577003727 0.70409095287323 560
1762577008256 0.6039332747459412 570
1762577012847 0.8713366389274597 580
1762577017372 0.6143813133239746 590
1762577021923 0.7745673656463623 600
1762577043593 0.6856573820114136 610
1762577048214 0.7762030363082886 620
1762577052773 0.7221804261207581 630
1762577057441 0.5269872546195984 640
1762577061925 0.5578064918518066 650
1762577083387 0.4484146237373352 660
1762577087936 0.5990408658981323 670
1762577092481 0.9174536466598511 680
1762577096972 0.6104943156242371 690
1762577101570 0.7721243500709534 700
1762577123068 0.6323884129524231 710
1762577127540 0.701569676399231 720
1762577132032 0.8988856673240662 730
1762577136588 0.872877299785614 740
1762577141317 0.6124117374420166 750
1762577163427 0.6688331961631775 760
1762577167931 0.5731155276298523 770
1762577172463 0.5927063226699829 780
1762577177060 0.6065154671669006 790
1762577181612 0.5803514719009399 800
1762577203132 0.5366503596305847 810
1762577207756 0.8312696218490601 820
1762577212312 0.780462384223938 830
1762577216798 0.40471509099006653 840
1762577221439 0.5708271265029907 850
1762577242958 0.578870415687561 860
1762577247623 0.5217972993850708 870
1762577252231 0.6155127286911011 880
1762577256783 0.5529966950416565 890
1762577261365 0.7632547616958618 900
1762577282914 0.6160914897918701 910
1762577287432 0.6702502369880676 920
1762577291961 0.7499293088912964 930
1762577296467 1.3787959814071655 940
1762577301041 0.7860573530197144 950
1762577322577 0.6403822302818298 960
1762577327117 0.46682924032211304 970
1762577331758 0.705033004283905 980
1762577336349 0.5964594483375549 990
1762577340980 0.6150957345962524 1000
1762577363132 0.5538370013237 1010
1762577367670 0.7163411378860474 1020
1762577372190 0.43984243273735046 1030
1762577376713 0.5795231461524963 1040
1762577381273 0.6263786554336548 1050
1762577402777 0.7681624293327332 1060
1762577407274 0.6535442471504211 1070
1762577411820 0.7022204399108887 1080
1762577416406 0.6012856364250183 1090
1762577421024 1.0271775722503662 1100
1762577442610 0.5925317406654358 1110
1762577447131 0.5991491079330444 1120
1762577451672 0.5041269063949585 1130
1762577456199 0.659053385257721 1140
1762577460705 0.5842759013175964 1150
1762577482216 0.6392942070960999 1160
1762577486865 0.7838118076324463 1170
1762577491429 0.6872373223304749 1180
1762577495983 0.7141692638397217 1190
1762577500598 0.501907467842102 1200
1762577522111 0.598142147064209 1210
1762577526643 0.7521553635597229 1220
1762577531246 0.490767240524292 1230
1762577535767 0.7053649425506592 1240
1762577540304 0.5646507740020752 1250
1762577562545 0.7369534373283386 1260
1762577567065 0.5333043336868286 1270
1762577571660 0.5958489775657654 1280
1762577576202 0.5172690749168396 1290
1762577580751 0.7994994521141052 1300
1762577602220 0.5218659043312073 1310
1762577606774 0.65324866771698 1320
1762577611402 0.46163976192474365 1330
1762577615905 0.6507475972175598 1340
1762577620445 0.49869921803474426 1350
1762577641951 0.5238333940505981 1360
1762577646517 0.7439695000648499 1370
1762577651074 0.7337254881858826 1380
1762577655680 0.5976550579071045 1390
1762577660196 0.6096941232681274 1400
1762577681694 0.5571731925010681 1410
1762577686223 0.6278368234634399 1420
1762577690771 0.6013270616531372 1430
1762577695287 0.6051948666572571 1440
1762577699764 0.9141090512275696 1450
1762577721271 0.538191020488739 1460
1762577725854 0.5508923530578613 1470
1762577730398 0.5565030574798584 1480
1762577734934 0.7152601480484009 1490
1762577739544 0.6244624257087708 1500
1762577761801 0.6313657164573669 1510
1762577766332 0.5071939826011658 1520
1762577770921 0.611025333404541 1530
1762577775441 0.4276149272918701 1540
1762577779932 0.8788667321205139 1550
1762577801468 0.8282338380813599 1560
1762577806052 0.5003075003623962 1570
1762577810659 0.5782966613769531 1580
1762577815204 0.8008782267570496 1590
1762577819722 0.5956573486328125 1600
1762577841258 0.6397274732589722 1610
1762577845811 0.48044994473457336 1620
1762577850284 0.6115162372589111 1630
1762577854835 0.7118476033210754 1640
1762577859409 0.7673048377037048 1650
1762579494253 0.7657932639122009 1660
1762579498785 0.666644811630249 1670
1762579503345 0.5888725519180298 1680
1762579507858 0.5254057049751282 1690
1762579512390 0.7564911246299744 1700
1762579533862 0.7597141861915588 1710
1762579538373 0.5740376710891724 1720
1762579542973 0.5853288769721985 1730
1762579547521 0.6368597149848938 1740
1762579552070 0.8956436514854431 1750
1762579574302 0.6355190873146057 1760
1762579578903 0.5999228358268738 1770
1762579583502 1.0130271911621094 1780
1762579588028 0.5101122856140137 1790
1762579592499 0.6724945306777954 1800
1762579614117 0.5997596383094788 1810
1762579618752 0.5142543911933899 1820
1762579623281 0.47371378540992737 1830
1762579627827 0.5020068883895874 1840
1762579632322 0.6550710201263428 1850
1762579653763 0.5367387533187866 1860
1762579658263 0.8217803239822388 1870
1762579662854 0.545871376991272 1880
1762579667405 0.5757795572280884 1890
1762579671971 0.6435466408729553 1900
1762579693505 0.5463019013404846 1910
1762579698066 0.6982102990150452 1920
1762579702660 0.46595510840415955 1930
1762579707172 0.3910777270793915 1940
1762579711800 0.6170311570167542 1950
1762579733351 0.6130886673927307 1960
1762579737879 0.7403181791305542 1970
1762579742411 0.4257168471813202 1980
1762579746879 0.735758900642395 1990
1762579751496 0.8241820931434631 2000
1762579773762 0.48962700366973877 2010
1762579778356 0.6217899322509766 2020
1762579782904 1.075270414352417 2030
1762579787473 0.6032626628875732 2040
1762579791969 0.566670298576355 2050
1762579813417 0.6390061974525452 2060
1762579817891 0.6505688428878784 2070
1762579822419 0.5476003885269165 2080
1762579826910 1.1166272163391113 2090
1762579831488 0.6020001769065857 2100
1762579853017 0.7333626747131348 2110
1762579857555 0.5221760869026184 2120
1762579862190 0.5682913064956665 2130
1762579866803 0.6288148164749146 2140
1762579871388 0.7963212728500366 2150
1762579892916 0.5495139956474304 2160
1762579897415 0.6753072738647461 2170
1762579901930 0.5657866597175598 2180
1762579906470 0.5819103717803955 2190
1762579910993 0.6575987339019775 2200
1762579932585 0.5181058049201965 2210
1762579937153 0.5496612787246704 2220
1762579941752 0.6271746754646301 2230
1762579946376 0.5716532468795776 2240
1762579950891 0.356212854385376 2250
1762579973018 0.6518036723136902 2260
1762579977556 0.5638881325721741 2270
1762579982070 0.6423702836036682 2280
1762579986532 0.8049719333648682 2290
1762579991210 0.5384184718132019 2300
1762580012655 0.6941518187522888 2310
1762580017232 0.538796603679657 2320
1762580021891 0.6010446548461914 2330
1762580026530 0.8239988088607788 2340
1762580031198 0.7978456616401672 2350
1762580052628 0.5494592189788818 2360
1762580057212 0.6098809242248535 2370
1762580061759 0.6134992241859436 2380
1762580066303 1.0550510883331299 2390
1762580070935 0.5020991563796997 2400
1762580092376 0.6424368619918823 2410
1762580096829 0.7798222899436951 2420
1762580101370 0.8270512223243713 2430
1762580105948 0.8095464706420898 2440
1762580110430 0.42309778928756714 2450
1762580131925 0.4944353401660919 2460
1762580136432 0.7001806497573853 2470
1762580140929 0.443416029214859 2480
1762580145489 0.554763674736023 2490
1762580150036 0.648341715335846 2500
1762580569685 0.5422565340995789 2510
1762580574383 0.6909894943237305 2520
1762580578940 0.6013081073760986 2530
1762580583445 0.5366578698158264 2540
1762580588040 0.4499918520450592 2550
1762580609525 0.6257301568984985 2560
1762580614070 0.5937978029251099 2570
1762580618557 0.6847805380821228 2580
1762580623219 0.4978581964969635 2590
1762580627730 0.5353455543518066 2600
1762580649133 0.5577015280723572 2610
1762580653636 0.3742964565753937 2620
1762580658254 0.4200787842273712 2630
1762580662799 0.5778627395629883 2640
1762580667312 0.6241083145141602 2650
1762580688792 0.44964221119880676 2660
1762580693314 0.5552560687065125 2670
1762580697866 0.47459328174591064 2680
1762580702368 0.6291431188583374 2690
1762580706898 0.6185132265090942 2700
1762580728459 0.6519268751144409 2710
1762580733010 0.6343144774436951 2720
1762580737647 0.5443146824836731 2730
1762580742224 0.45774486660957336 2740
1762580746773 0.6045668721199036 2750
1762580768975 0.6123042702674866 2760
1762580773475 0.6462656259536743 2770
1762580778087 0.6557930707931519 2780
1762580782660 0.6403489112854004 2790
1762580787206 0.700619101524353 2800
1762580808670 0.6330158710479736 2810
1762580813258 0.8372355699539185 2820
1762580817756 0.6029345989227295 2830
1762580822327 0.43696457147598267 2840
1762580826858 0.5351133942604065 2850
1762580848445 0.6575447916984558 2860
1762580853132 0.6434016227722168 2870
1762580857653 0.4192425012588501 2880
1762580862270 0.645007848739624 2890
1762580866903 0.7078794836997986 2900
1762580888376 0.3719162046909332 2910
1762580892984 0.8177326917648315 2920
1762580897579 0.6914687156677246 2930
1762580902079 0.6216581463813782 2940
1762580906632 0.6648415327072144 2950
1762580928192 0.817102313041687 2960
1762580932661 0.533871591091156 2970
1762580937154 0.5233064293861389 2980
1762581652590 0.7579489350318909 2990
1762581657133 0.7154749035835266 3000
1762581679376 0.5503755211830139 3010
1762581683991 0.8139615654945374 3020
1762581688493 0.5498745441436768 3030
1762581692978 0.5073198080062866 3040
1762581697504 0.5602742433547974 3050
1762581718896 0.7049662470817566 3060
1762581723418 0.6285976767539978 3070
1762581727891 0.6131176948547363 3080
1762581732415 0.5291231870651245 3090
1762581737028 0.6802076697349548 3100
1762581758505 0.6672876477241516 3110
1762581763115 0.6044368147850037 3120
1762581767701 0.6457095146179199 3130
1762581772203 0.619156002998352 3140
1762581776755 0.5016873478889465 3150
1762581798276 0.6497325897216797 3160
1762581802965 0.7953014373779297 3170
1762581807527 0.544877290725708 3180
1762581812140 0.5359556674957275 3190
1762581816689 0.4147815704345703 3200
1762581838204 0.7355465292930603 3210
1762581842787 0.6068183779716492 3220
1762581847406 0.5655754804611206 3230
1762581851932 0.6251546740531921 3240
1762581856438 0.5761303305625916 3250
1762581878613 0.698274552822113 3260
1762581883212 0.47393664717674255 3270
1762581887744 0.597596287727356 3280
1762581892351 0.5118935704231262 3290
1762581896884 0.5121744871139526 3300
1762581918362 0.5650175213813782 3310
1762581923008 0.6754001379013062 3320
1762581927560 0.6410719752311707 3330
1762581932107 0.770210862159729 3340
1762581936645 0.47421371936798096 3350
1762581958155 0.7230187058448792 3360
1762581962678 0.5922810435295105 3370
1762581967258 0.695870041847229 3380
1762581971800 0.5002991557121277 3390
1762581976469 0.5086922645568848 3400
1762581998071 0.47636526823043823 3410
1762582002717 0.7546452879905701 3420
1762582007250 0.6972695589065552 3430
1762582011804 0.45829325914382935 3440
1762582016417 0.6029173731803894 3450
1762584980883 0.5444530844688416 3460
1762584985427 0.5241261124610901 3470
1762584990085 0.6732865571975708 3480
1762584994620 0.4551774263381958 3490
1762584999128 0.5533962249755859 3500
1762585021408 0.5470182299613953 3510
1762585025910 0.7691025733947754 3520
1762585030370 0.5823785066604614 3530
1762585034861 0.5550233721733093 3540
1762585039424 0.5360234379768372 3550
1762585060889 0.5516673922538757 3560
1762585065455 0.6602644920349121 3570
1762585069941 0.5442517399787903 3580
1762585074483 0.6059556007385254 3590
1762585079138 0.6190177202224731 3600
1762585100641 0.47277599573135376 3610
1762585105196 0.6115597486495972 3620
1762585109727 0.5613605976104736 3630
1762585114229 0.758672297000885 3640
1762585118777 0.49062901735305786 3650
1762585140360 0.5966984033584595 3660
1762585144899 0.6493693590164185 3670
1762585149487 0.6337454915046692 3680
1762585153977 0.7969545125961304 3690
1762585158504 0.664395809173584 3700
1762585180228 0.5476392507553101 3710
1762585184874 0.6460524797439575 3720
1762585189410 0.47480499744415283 3730
1762585193926 0.6821877956390381 3740
1762585198431 0.5059645175933838 3750
1762585220698 0.5619565844535828 3760
1762585225294 0.5945869088172913 3770
1762585229842 0.5896134376525879 3780
1762585234424 0.41531872749328613 3790
1762585239002 0.4185515344142914 3800
1762585260509 0.6556100249290466 3810
1762585265059 0.6042419672012329 3820
1762585269662 0.5097838640213013 3830
1762585274177 0.5109432339668274 3840
1762585278769 0.5822204947471619 3850
1762585300293 0.7521349191665649 3860
1762585304876 0.6587989926338196 3870
1762585309433 0.641542375087738 3880
1762585313959 0.6292055249214172 3890
1762587903196 0.6863099932670593 3900
1762587924679 0.5923462510108948 3910
1762587929203 0.8028725981712341 3920
1762587933763 0.4955444931983948 3930
1762587938322 0.6534347534179688 3940
1762587942775 0.6008370518684387 3950
1762587964525 0.5135794281959534 3960
1762587969388 0.6792534589767456 3970
1762587973955 0.6125446557998657 3980
1762587978626 0.5890463590621948 3990
1762587983253 0.5786792635917664 4000
1762588005520 0.4289284944534302 4010
1762588010025 0.5308564901351929 4020
1762588014609 0.6912083029747009 4030
1762588019146 0.5290831327438354 4040
1762588023651 0.6255714893341064 4050
1762588045113 0.6210716962814331 4060
1762588049648 0.731885552406311 4070
1762588054122 0.4720657765865326 4080
1762588058647 0.5016489028930664 4090
1762588063186 0.7515184879302979 4100
1762588084704 0.5840570330619812 4110
1762588089270 0.5146163105964661 4120
1762588093819 0.47322848439216614 4130
1762588098271 0.5385687947273254 4140
1762588102911 0.8260107636451721 4150
1762588124445 0.6159382462501526 4160
1762588128927 0.7238467931747437 4170
1762588133497 0.539272129535675 4180
1762588138087 0.7893124222755432 4190
1762588142683 0.6260243654251099 4200
1762588164171 0.7045078873634338 4210
1762588168726 0.5672357082366943 4220
1762588173352 0.7281326055526733 4230
1762588177882 0.6800704002380371 4240
1762588182448 0.5154268741607666 4250
1762588204701 0.47960028052330017 4260
1762588209246 0.48252809047698975 4270
1762588213824 0.6355122923851013 4280
1762588218393 0.5625051856040955 4290
1762588222945 0.6912205815315247 4300
1762588244443 0.4249781370162964 4310
1762588248928 0.5136990547180176 4320
1762588253492 0.6180824637413025 4330
1762588258019 0.4874342083930969 4340
1762588262539 0.758885383605957 4350
1762588284117 0.531254768371582 4360
1762588288684 0.4190695583820343 4370
1762588293353 0.7202546000480652 4380
1762588297978 0.4979908764362335 4390
1762588302556 0.5257825255393982 4400
1762588324095 0.46579205989837646 4410
1762588328653 0.4757857024669647 4420
1762588333207 0.720032811164856 4430
1762588337689 0.5199315547943115 4440
1762588342255 0.5419795513153076 4450
1762588363793 0.6807148456573486 4460
1762588368448 0.6846513748168945 4470
1762588373041 0.532150149345398 4480
1762588377527 0.47467032074928284 4490
1762588382087 0.6275055408477783 4500
1762588404298 0.5849794149398804 4510
1762588408747 0.7230569124221802 4520
1762588413376 0.604494035243988 4530
1762588417973 0.6706276535987854 4540
1762588422522 0.7060273289680481 4550
1762588444057 0.4778355658054352 4560
1762588448593 0.6567897200584412 4570
1762588453168 0.6366922855377197 4580
1762588457705 0.5457586646080017 4590
1762588462289 0.6429826617240906 4600
1762588483835 0.4723469018936157 4610
1762588488452 0.5983017086982727 4620
1762588493013 0.4780499339103699 4630
1762588497537 0.5822574496269226 4640
1762588502026 0.5645018219947815 4650
1762588523506 0.5704651474952698 4660
1762588528151 0.551736056804657 4670
1762588532734 0.7799180746078491 4680
1762588537246 0.5858837962150574 4690
1762588541722 0.47723567485809326 4700
1762588563290 0.4981483519077301 4710
1762588567811 0.6395944952964783 4720
1762588572401 0.5038690567016602 4730
1762588576953 0.5221890807151794 4740
1762588581432 0.5006850361824036 4750
1762588603670 0.6607238054275513 4760
1762588608318 0.5850140452384949 4770
1762588612876 0.7632152438163757 4780
1762588617413 0.5618268251419067 4790
1762588622048 0.5279191136360168 4800
1762588643579 0.494779109954834 4810
1762588648108 0.5428703427314758 4820
1762588652649 0.5196636319160461 4830
1762588657162 0.5832346081733704 4840
1762588661787 0.6471222639083862 4850
1762591064753 0.5383725166320801 4860
1762591069263 0.43517184257507324 4870
1762591073832 0.4872530996799469 4880
1762591078374 0.7240904569625854 4890
1762591082953 0.7164658308029175 4900
1762591104430 0.5163882374763489 4910
1762591108872 0.6858327388763428 4920
1762591113412 0.6569170355796814 4930
1762591117968 0.6006553173065186 4940
1762591122432 0.5013710260391235 4950
1762591144336 0.5870314240455627 4960
1762591148893 0.6298800706863403 4970
1762591153466 0.551585853099823 4980
1762591157978 0.6309522390365601 4990
1762591162538 0.5794248580932617 5000
