1762576564944 4.9999608002857744e-05 10
1762576569492 4.9998432023723915e-05 20
1762576574011 4.9996472099476943e-05 30
1762576578555 4.999372829157962e-05 40
1762576583109 4.999020068607712e-05 50
1762576604750 4.9985889393594345e-05 60
1762576609292 4.998079454933244e-05 70
1762576613861 4.997491631306458e-05 80
1762576618381 4.996825486913088e-05 90
1762576622899 4.996081042643271e-05 100
1762576644361 4.995258321842611e-05 110
1762576648970 4.99435735031144e-05 120
1762576653618 4.9933781563040236e-05 130
1762576658155 4.99232077052766e-05 140
1762576662812 4.991185226141725e-05 150
1762576684300 4.989971558756632e-05 160
1762576688910 4.988679806432712e-05 170
1762576693421 4.9873100096790226e-05 180
1762576698010 4.985862211452077e-05 190
1762576702486 4.984336457154497e-05 200
1762576723980 4.9827327946335875e-05 210
1762576728591 4.98105127417984e-05 220
1762576733219 4.9792919485253494e-05 230
1762576737733 4.977454872842169e-05 240
1762576742288 4.9755401047405694e-05 250
1762576764418 4.973547704267242e-05 260
1762576769059 4.97147773390341e-05 270
1762576773708 4.96933025856287e-05 280
1762576778234 4.9671053455899584e-05 290
1762576782761 4.964803064757438e-05 300
1762576804265 4.9624234882643084e-05 310
1762576808769 4.959966690733544e-05 320
1762576813382 4.957432749209755e-05 330
1762576817991 4.9548217431567665e-05 340
1762576822577 4.952133754455134e-05 350
1762576844079 4.949368867399567e-05 360
1762576848588 4.94652716869629e-05 370
1762576853090 4.943608747460328e-05 380
1762576857683 4.9406136952127015e-05 390
1762576862249 4.937542105877564e-05 400
1762576883927 4.934394075779256e-05 410
1762576888427 4.931169703639282e-05 420
1762576892973 4.927869090573214e-05 430
1762576897458 4.9244923400875245e-05 440
1762576902043 4.921039558076335e-05 450
1762576923555 4.9175108528181e-05 460
1762576928125 4.9139063349722113e-05 470
1762576932750 4.910226117575524e-05 480
1762576937348 4.906470316038814e-05 490
1762576941901 4.902639048143159e-05 500
1762576964131 4.898732434036244e-05 510
1762576968664 4.894750596228594e-05 520
1762576973209 4.890693659589733e-05 530
1762576977690 4.886561751344266e-05 540
1762576982199 4.882355001067892e-05 550
1762577003727 4.878073540683336e-05 560
1762577008256 4.873717504456219e-05 570
1762577012847 4.869287028990839e-05 580
1762577017372 4.8647822532258955e-05 590
1762577021923 4.860203318430126e-05 600
1762577043593 4.855550368197879e-05 610
1762577048214 4.8508235484446095e-05 620
1762577052773 4.846023007402305e-05 630
1762577057441 4.8411488956148344e-05 640
1762577061925 4.8362013659332294e-05 650
1762577083387 4.8311805735108894e-05 660
1762577087936 4.8260866757987177e-05 670
1762577092481 4.8209198325401815e-05 680
1762577096972 4.815680205766304e-05 690
1762577101570 4.810367959790584e-05 700
1762577123068 4.8049832612038384e-05 710
1762577127540 4.799526278868987e-05 720
1762577132032 4.793997183915745e-05 730
1762577136588 4.7883961497352686e-05 740
1762577141317 4.7827233519747086e-05 750
1762577163427 4.7769789685317045e-05 760
1762577167931 4.7711631795488096e-05 770
1762577172463 4.765276167407835e-05 780
1762577177060 4.759318116724138e-05 790
1762577181612 4.753289214340824e-05 800
1762577203132 4.747189649322894e-05 810
1762577207756 4.741019612951312e-05 820
1762577212312 4.734779298717009e-05 830
1762577216798 4.728468902314812e-05 840
1762577221439 4.722088621637309e-05 850
1762577242958 4.7156386567686445e-05 860
1762577247623 4.709119209978242e-05 870
1762577252231 4.702530485714461e-05 880
1762577256783 4.6958726905981906e-05 890
1762577261365 4.689146033416362e-05 900
1762577282914 4.682350725115407e-05 910
1762577287432 4.6754869787946386e-05 920
1762577291961 4.6685550096995744e-05 930
1762577296467 4.6615550352151804e-05 940
1762577301041 4.6544872748590553e-05 950
1762577322577 4.6473519502745476e-05 960
1762577327117 4.640149285223806e-05 970
1762577331758 4.6328795055807595e-05 980
1762577336349 4.625542839324036e-05 990
1762577340980 4.618139516529811e-05 1000
1762577363132 4.6106697693645955e-05 1010
1762577367670 4.6031338320779534e-05 1020
1762577372190 4.595531940995154e-05 1030
1762577376713 4.5878643345097644e-05 1040
1762577381273 4.580131253076171e-05 1050
1762577402777 4.5723329392020396e-05 1060
1762577407274 4.5644696374407105e-05 1070
1762577411820 4.5565415943835285e-05 1080
1762577416406 4.5485490586521116e-05 1090
1762577421024 4.540492280890555e-05 1100
1762577442610 4.532371513757564e-05 1110
1762577447131 4.5241870119185426e-05 1120
1762577451672 4.515939032037595e-05 1130
1762577456199 4.507627832769486e-05 1140
1762577460705 4.4992536747515234e-05 1150
1762577482216 4.49081682059539e-05 1160
1762577486865 4.482317534878901e-05 1170
1762577491429 4.4737560841377146e-05 1180
1762577495983 4.465132736856969e-05 1190
1762577500598 4.456447763462863e-05 1200
1762577522111 4.447701436314176e-05 1210
1762577526643 4.43889402969373e-05 1220
1762577531246 4.43002581979978e-05 1230
1762577535767 4.4210970847373636e-05 1240
1762577540304 4.412108104509569e-05 1250
1762577562545 4.4030591610087624e-05 1260
1762577567065 4.393950538007743e-05 1270
1762577571660 4.3847825211508456e-05 1280
1762577576202 4.375555397944983e-05 1290
1762577580751 4.3662694577506286e-05 1300
1762577602220 4.356924991772745e-05 1310
1762577606774 4.347522293051648e-05 1320
1762577611402 4.338061656453821e-05 1330
1762577615905 4.328543378662664e-05 1340
1762577620445 4.318967758169192e-05 1350
1762577641951 4.309335095262676e-05 1360
1762577646517 4.299645692021221e-05 1370
1762577651074 4.289899852302298e-05 1380
1762577655680 4.2800978817332136e-05 1390
1762577660196 4.270240087701522e-05 1400
1762577681694 4.260326779345393e-05 1410
1762577686223 4.250358267543907e-05 1420
1762577690771 4.2403348649073174e-05 1430
1762577695287 4.2302568857672375e-05 1440
1762577699764 4.220124646166791e-05 1450
1762577721271 4.209938463850695e-05 1460
1762577725854 4.199698658255298e-05 1470
1762577730398 4.189405550498561e-05 1480
1762577734934 4.1790594633699917e-05 1490
1762577739544 4.168660721320517e-05 1500
1762577761801 4.1582096504523105e-05 1510
1762577766332 4.1477065785085634e-05 1520
1762577770921 4.137151834863213e-05 1530
1762577775441 4.126545750510605e-05 1540
1762577779932 4.1158886580551224e-05 1550
1762577801468 4.105180891700746e-05 1560
1762577806052 4.094422787240581e-05 1570
1762577810659 4.083614682046324e-05 1580
1762577815204 4.072756915057683e-05 1590
1762577819722 4.0618498267717494e-05 1600
1762577841258 4.050893759232317e-05 1610
1762577845811 4.039889056019159e-05 1620
1762577850284 4.028836062237254e-05 1630
1762577854835 4.017735124505958e-05 1640
1762577859409 4.0065865909481417e-05 1650
1762579494253 3.995390811179267e-05 1660
1762579498785 3.984148136296431e-05 1670
1762579503345 3.972858918867344e-05 1680
1762579507858 3.961523512919286e-05 1690
1762579512390 3.9501422739279956e-05 1700
1762579533862 3.938715558806525e-05 1710
1762579538373 3.9272437258940494e-05 1720
1762579542973 3.9157271349446254e-05 1730
1762579547521 3.904166147115912e-05 1740
1762579552070 3.892561124957844e-05 1750
1762579574302 3.880912432401265e-05 1760
1762579578903 3.869220434746509e-05 1770
1762579583502 3.857485498651949e-05 1780
1762579588028 3.8457079921224994e-05 1790
1762579592499 3.833888284498071e-05 1800
1762579614117 3.8220267464419946e-05 1810
1762579618752 3.81012374992939e-05 1820
1762579623281 3.798179668235508e-05 1830
1762579627827 3.786194875924019e-05 1840
1762579632322 3.774169748835269e-05 1850
1762579653763 3.7621046640744975e-05 1860
1762579658263 3.7500000000000003e-05 1870
1762579662854 3.737856136211279e-05 1880
1762579667405 3.7256734535371225e-05 1890
1762579671971 3.713452334023676e-05 1900
1762579693505 3.7011931609224546e-05 1910
1762579698066 3.6888963186783224e-05 1920
1762579702660 3.67656219291744e-05 1930
1762579707172 3.6641911704351734e-05 1940
1762579711800 3.6517836391839586e-05 1950
1762579733351 3.6393399882611394e-05 1960
1762579737879 3.626860607896764e-05 1970
1762579742411 3.6143458894413465e-05 1980
1762579746879 3.6017962253535964e-05 1990
1762579751496 3.589212009188112e-05 2000
1762579773762 3.5765936355830356e-05 2010
1762579778356 3.563941500247676e-05 2020
1762579782904 3.5512559999501064e-05 2030
1762579787473 3.5385375325047166e-05 2040
1762579791969 3.525786496759736e-05 2050
1762579813417 3.5130032925847335e-05 2060
1762579817891 3.5001883208580665e-05 2070
1762579822419 3.4873419834543205e-05 2080
1762579826910 3.474464683231698e-05 2090
1762579831488 3.461556824019392e-05 2100
1762579853017 3.448618810604916e-05 2110
1762579857555 3.43565104872141e-05 2120
1762579862190 3.422653945034925e-05 2130
1762579866803 3.4096279071316606e-05 2140
1762579871388 3.3965733435051866e-05 2150
1762579892916 3.383490663543635e-05 2160
1762579897415 3.370380277516858e-05 2170
1762579901930 3.357242596563563e-05 2180
1762579906470 3.344078032678422e-05 2190
1762579910993 3.330886998699149e-05 2200
1762579932585 3.3176699082935545e-05 2210
1762579937153 3.30442717594657e-05 2220
1762579941752 3.2911592169472566e-05 2230
1762579946376 3.277866447375774e-05 2240
1762579950891 3.264549284090336e-05 2250
1762579973018 3.2512081447141406e-05 2260
1762579977556 3.2378434476222666e-05 2270
1762579982070 3.2244556119285616e-05 2280
1762579986532 3.211045057472491e-05 2290
1762579991210 3.197612204805976e-05 2300
1762580012655 3.1841574751802076e-05 2310
1762580017232 3.1706812905324276e-05 2320
1762580021891 3.157184073472709e-05 2330
1762580026530 3.1436662472706895e-05 2340
1762580031198 3.130128235842311e-05 2350
1762580052628 3.1165704637365164e-05 2360
1762580057212 3.1029933561219375e-05 2370
1762580061759 3.0893973387735687e-05 2380
1762580066303 3.075782838059402e-05 2390
1762580070935 3.06215028092707e-05 2400
1762580092376 3.0485000948904462e-05 2410
1762580096829 3.0348327080162435e-05 2420
1762580101370 3.0211485489105917e-05 2430
1762580105948 3.0074480467055905e-05 2440
1762580110430 2.9937316310458574e-05 2450
1762580131925 2.9799997320750507e-05 2460
1762580136432 2.9662527804223827e-05 2470
1762580140929 2.9524912071891164e-05 2480
1762580145489 2.9387154439350406e-05 2490
1762580150036 2.9249259226649417e-05 2500
1762580569685 2.9111230758150543e-05 2510
1762580574383 2.8973073362394998e-05 2520
1762580578940 2.8834791371967142e-05 2530
1762580583445 2.8696389123358553e-05 2540
1762580588040 2.8557870956832132e-05 2550
1762580609525 2.8419241216285902e-05 2560
1762580614070 2.828050424911683e-05 2570
1762580618557 2.8141664406084495e-05 2580
1762580623219 2.800272604117463e-05 2590
1762580627730 2.7863693511462603e-05 2600
1762580649133 2.7724571176976732e-05 2610
1762580653636 2.7585363400561658e-05 2620
1762580658254 2.7446074547741408e-05 2630
1762580662799 2.7306708986582553e-05 2640
1762580667312 2.7167271087557244e-05 2650
1762580688792 2.70277652234061e-05 2660
1762580693314 2.6888195769001146e-05 2670
1762580697866 2.6748567101208548e-05 2680
1762580702368 2.660888359875141e-05 2690
1762580706898 2.646914964207245e-05 2700
1762580728459 2.6329369613196574e-05 2710
1762580733010 2.6189547895593562e-05 2720
1762580737647 2.604968887404049e-05 2730
1762580742224 2.5909796934484308e-05 2740
1762580746773 2.5769876463904265e-05 2750
1762580768975 2.562993185017431e-05 2760
1762580773475 2.548996748192556e-05 2770
1762580778087 2.534998774840859e-05 2780
1762580782660 2.5209997039355837e-05 2790
1762580787206 2.5069999744843948e-05 2800
1762580808670 2.493000025515606e-05 2810
1762580813258 2.479000296064417e-05 2820
1762580817756 2.465001225159141e-05 2830
1762580822327 2.4510032518074443e-05 2840
1762580826858 2.437006814982569e-05 2850
1762580848445 2.4230123536095748e-05 2860
1762580853132 2.4090203065515695e-05 2870
1762580857653 2.395031112595951e-05 2880
1762580862270 2.3810452104406444e-05 2890
1762580866903 2.3670630386803425e-05 2900
1762580888376 2.353085035792756e-05 2910
1762580892984 2.339111640124859e-05 2920
1762580897579 2.3251432898791454e-05 2930
1762580902079 2.3111804230998863e-05 2940
1762580906632 2.29722347765939e-05 2950
1762580928192 2.283272891244277e-05 2960
1762580932661 2.2693291013417453e-05 2970
1762580937154 2.2553925452258595e-05 2980
1762581652590 2.2414636599438345e-05 2990
1762581657133 2.2275428823023263e-05 3000
1762581679376 2.2136306488537413e-05 3010
1762581683991 2.1997273958825375e-05 3020
1762581688493 2.1858335593915504e-05 3030
1762581692978 2.1719495750883172e-05 3040
1762581697504 2.1580758783714104e-05 3050
1762581718896 2.1442129043167874e-05 3060
1762581723418 2.130361087664145e-05 3070
1762581727891 2.116520862803286e-05 3080
1762581732415 2.1026926637605008e-05 3090
1762581737028 2.088876924184946e-05 3100
1762581758505 2.0750740773350592e-05 3110
1762581763115 2.0612845560649603e-05 3120
1762581767701 2.0475087928108835e-05 3130
1762581772203 2.033747219577618e-05 3140
1762581776755 2.02000026792495e-05 3150
1762581798276 2.006268368954144e-05 3160
1762581802965 1.9925519532944104e-05 3170
1762581807527 1.9788514510894082e-05 3180
1762581812140 1.965167291983757e-05 3190
1762581816689 1.9514999051095544e-05 3200
1762581838204 1.937849719072931e-05 3210
1762581842787 1.9242171619405986e-05 3220
1762581847406 1.9106026612264316e-05 3230
1762581851932 1.8970066438780628e-05 3240
1762581856438 1.8834295362634842e-05 3250
1762581878613 1.8698717641576897e-05 3260
1762581883212 1.856333752729311e-05 3270
1762581887744 1.8428159265272917e-05 3280
1762581892351 1.829318709467573e-05 3290
1762581896884 1.815842524819793e-05 3300
1762581918362 1.8023877951940237e-05 3310
1762581923008 1.7889549425275093e-05 3320
1762581927560 1.7755443880714383e-05 3330
1762581932107 1.762156552377734e-05 3340
1762581936645 1.74879185528586e-05 3350
1762581958155 1.7354507159096647e-05 3360
1762581962678 1.722133552624227e-05 3370
1762581967258 1.7088407830527443e-05 3380
1762581971800 1.6955728240534305e-05 3390
1762581976469 1.682330091706446e-05 3400
1762581998071 1.6691130013008514e-05 3410
1762582002717 1.6559219673215784e-05 3420
1762582007250 1.6427574034364378e-05 3430
1762582011804 1.6296197224831435e-05 3440
1762582016417 1.6165093364563654e-05 3450
1762584980883 1.6034266564948137e-05 3460
1762584985427 1.59037209286834e-05 3470
1762584990085 1.5773460549650753e-05 3480
1762584994620 1.564348951278591e-05 3490
1762584999128 1.551381189395085e-05 3500
1762585021408 1.5384431759806083e-05 3510
1762585025910 1.5255353167683017e-05 3520
1762585030370 1.5126580165456799e-05 3530
1762585034861 1.4998116791419342e-05 3540
1762585039424 1.4869967074152669e-05 3550
1762585060889 1.474213503240264e-05 3560
1762585065455 1.4614624674952842e-05 3570
1762585069941 1.4487440000498939e-05 3580
1762585074483 1.4360584997523252e-05 3590
1762585079138 1.4234063644169654e-05 3600
1762585100641 1.4107879908118873e-05 3610
1762585105196 1.3982037746464043e-05 3620
1762585109727 1.3856541105586545e-05 3630
1762585114229 1.3731393921032376e-05 3640
1762585118777 1.3606600117388607e-05 3650
1762585140360 1.3482163608160408e-05 3660
1762585144899 1.3358088295648274e-05 3670
1762585149487 1.3234378070825603e-05 3680
1762585153977 1.3111036813216792e-05 3690
1762585158504 1.298806839077546e-05 3700
1762585180228 1.2865476659763231e-05 3710
1762585184874 1.2743265464628786e-05 3720
1762585189410 1.2621438637887222e-05 3730
1762585193926 1.2500000000000006e-05 3740
1762585198431 1.2378953359255036e-05 3750
1762585220698 1.2258302511647312e-05 3760
1762585225294 1.2138051240759826e-05 3770
1762585229842 1.201820331764493e-05 3780
1762585234424 1.189876250070611e-05 3790
1762585239002 1.177973253558006e-05 3800
1762585260509 1.1661117155019293e-05 3810
1762585265059 1.1542920078775018e-05 3820
1762585269662 1.1425145013480516e-05 3830
1762585274177 1.1307795652534923e-05 3840
1762585278769 1.1190875675987356e-05 3850
1762585300293 1.1074388750421563e-05 3860
1762585304876 1.0958338528840893e-05 3870
1762585309433 1.0842728650553752e-05 3880
1762585313959 1.072756274105951e-05 3890
1762587903196 1.0612844411934746e-05 3900
1762587924679 1.049857726072005e-05 3910
1762587929203 1.0384764870807149e-05 3920
1762587933763 1.0271410811326565e-05 3930
1762587938322 1.0158518637035704e-05 3940
1762587942775 1.004609188820733e-05 3950
1762587964525 9.934134090518593e-06 3960
1762587969388 9.822648754940431e-06 3970
1762587973955 9.711639377627466e-06 3980
1762587978626 9.601109439808412e-06 3990
1762587983253 9.491062407676831e-06 4000
1762588005520 9.38150173228251e-06 4010
1762588010025 9.272430849423174e-06 4020
1762588014609 9.163853179536763e-06 4030
1762588019146 9.0557721275942e-06 4040
1762588023651 8.948191082992546e-06 4050
1762588045113 8.841113419448786e-06 4060
1762588049648 8.734542494893955e-06 4070
1762588054122 8.628481651367876e-06 4080
1762588058647 8.522934214914372e-06 4090
1762588063186 8.4179034954769e-06 4100
1762588084704 8.313392786794833e-06 4110
1762588089270 8.209405366300088e-06 4120
1762588093819 8.105944495014393e-06 4130
1762588098271 8.003013417447034e-06 4140
1762588102911 7.900615361493051e-06 4150
1762588124445 7.798753538332093e-06 4160
1762588128927 7.697431142327632e-06 4170
1762588133497 7.5966513509268365e-06 4180
1762588138087 7.49641732456094e-06 4190
1762588142683 7.396732206546081e-06 4200
1762588164171 7.29759912298478e-06 4210
1762588168726 7.199021182667873e-06 4220
1762588173352 7.1010014769770204e-06 4230
1762588177882 7.0035430797877974e-06 4240
1762588182448 6.906649047373246e-06 4250
1762588204701 6.810322418308085e-06 4260
1762588209246 6.7145662133733715e-06 4270
1762588213824 6.619383435461795e-06 4280
1762588218393 6.524777069483526e-06 4290
1762588222945 6.430750082272554e-06 4300
1762588244443 6.337305422493719e-06 4310
1762588248928 6.244446020550182e-06 4320
1762588253492 6.1521747884915465e-06 4330
1762588258019 6.060494619922575e-06 4340
1762588262539 5.969408389912376e-06 4350
1762588284117 5.878918954904314e-06 4360
1762588288684 5.789029152626374e-06 4370
1762588293353 5.699741802002201e-06 4380
1762588297978 5.611059703062713e-06 4390
1762588302556 5.522985636858239e-06 4400
1762588324095 5.435522365371376e-06 4410
1762588328653 5.348672631430318e-06 4420
1762588333207 5.262439158622856e-06 4430
1762588337689 5.17682465121099e-06 4440
1762588342255 5.0918317940461066e-06 4450
1762588363793 5.007463252484767e-06 4460
1762588368448 4.9237216723051485e-06 4470
1762588373041 4.840609679624053e-06 4480
1762588377527 4.758129880814574e-06 4490
1762588382087 4.6762848624243575e-06 4500
1762588404298 4.5950771910944605e-06 4510
1762588408747 4.514509413478888e-06 4520
1762588413376 4.4345840561647204e-06 4530
1762588417973 4.355303625592899e-06 4540
1762588422522 4.276670607979608e-06 4550
1762588444057 4.198687469238297e-06 4560
1762588448593 4.121356654902364e-06 4570
1762588453168 4.0446805900484635e-06 4580
1762588457705 3.968661679220468e-06 4590
1762588462289 3.893302306354046e-06 4600
1762588483835 3.818604834701894e-06 4610
1762588488452 3.7445716067596503e-06 4620
1762588493013 3.671204944192408e-06 4630
1762588497537 3.5985071477619397e-06 4640
1762588502026 3.526480497254528e-06 4650
1762588523506 3.4551272514094566e-06 4660
1762588528151 3.3844496478482064e-06 4670
1762588532734 3.3144499030042575e-06 4680
1762588537246 3.2451302120536155e-06 4690
1762588541722 3.176492748845941e-06 4700
1762588563290 3.108539665836388e-06 4710
1762588567811 3.0412730940181015e-06 4720
1762588572401 2.974695142855388e-06 4730
1762588576953 2.908807900217583e-06 4740
1762588581432 2.843613432313558e-06 4750
1762588603670 2.779113783626916e-06 4760
1762588608318 2.7153109768518925e-06 4770
1762588612876 2.652207012829916e-06 4780
1762588617413 2.5898038704868818e-06 4790
1762588622048 2.5281035067710653e-06 4800
1762588643579 2.4671078565917632e-06 4810
1762588648108 2.4068188327586257e-06 4820
1762588652649 2.347238325921647e-06 4830
1762588657162 2.2883682045119063e-06 4840
1762588661787 2.2302103146829595e-06 4850
1762591064753 2.1727664802529216e-06 4860
1762591069263 2.116038502647319e-06 4870
1762591073832 2.0600281608425503e-06 4880
1762591078374 2.0047372113101344e-06 4890
1762591082953 1.9501673879616182e-06 4900
1762591104430 1.8963204020941677e-06 4910
1762591108872 1.8431979423369604e-06 4920
1762591113412 1.790801674598186e-06 4930
1762591117968 1.7391332420128193e-06 4940
1762591122432 1.6881942648911076e-06 4950
1762591144336 1.6379863406677104e-06 4960
1762591148893 1.588511043851662e-06 4970
1762591153466 1.5397699259769554e-06 4980
1762591157978 1.4917645155539062e-06 4990
1762591162538 1.4444963180212185e-06 5000
