1762576564944 3.6453 10
1762576569492 2.953 20
1762576574011 2.415 30
1762576578555 1.8548 40
1762576583109 1.2535 50
1762576604750 0.7356 60
1762576609292 0.4599 70
1762576613861 0.3444 80
1762576618381 0.2985 90
1762576622899 0.2553 100
1762576644361 0.2516 110
1762576648970 0.247 120
1762576653618 0.23 130
1762576658155 0.2226 140
1762576662812 0.2145 150
1762576684300 0.2142 160
1762576688910 0.1995 170
1762576693421 0.1973 180
1762576698010 0.1914 190
1762576702486 0.1918 200
1762576723980 0.1846 210
1762576728591 0.1833 220
1762576733219 0.1824 230
1762576737733 0.1801 240
1762576742288 0.1796 250
1762576764418 0.1716 260
1762576769059 0.1726 270
1762576773708 0.1729 280
1762576778234 0.1711 290
1762576782761 0.1593 300
1762576804265 0.1655 310
1762576808769 0.1626 320
1762576813382 0.1586 330
1762576817991 0.1502 340
1762576822577 0.1617 350
1762576844079 0.1517 360
1762576848588 0.1536 370
1762576853090 0.1554 380
1762576857683 0.1643 390
1762576862249 0.1517 400
1762576883927 0.1541 410
1762576888427 0.1486 420
1762576892973 0.1475 430
1762576897458 0.1546 440
1762576902043 0.1429 450
1762576923555 0.1535 460
1762576928125 0.1444 470
1762576932750 0.1492 480
1762576937348 0.1476 490
1762576941901 0.1536 500
1762576964131 0.1477 510
1762576968664 0.1462 520
1762576973209 0.1385 530
1762576977690 0.1441 540
1762576982199 0.1426 550
1762577003727 0.1456 560
1762577008256 0.1337 570
1762577012847 0.1445 580
1762577017372 0.1363 590
1762577021923 0.1437 600
1762577043593 0.1447 610
1762577048214 0.1423 620
1762577052773 0.146 630
1762577057441 0.1349 640
1762577061925 0.1325 650
1762577083387 0.1363 660
1762577087936 0.146 670
1762577092481 0.1341 680
1762577096972 0.1368 690
1762577101570 0.1428 700
1762577123068 0.1332 710
1762577127540 0.1405 720
1762577132032 0.1405 730
1762577136588 0.1355 740
1762577141317 0.1349 750
1762577163427 0.1352 760
1762577167931 0.1382 770
1762577172463 0.1306 780
1762577177060 0.1358 790
1762577181612 0.1315 800
1762577203132 0.1285 810
1762577207756 0.1404 820
1762577212312 0.1312 830
1762577216798 0.1283 840
1762577221439 0.1289 850
1762577242958 0.1314 860
1762577247623 0.1296 870
1762577252231 0.1331 880
1762577256783 0.1323 890
1762577261365 0.1377 900
1762577282914 0.1324 910
1762577287432 0.1318 920
1762577291961 0.1272 930
1762577296467 0.1343 940
1762577301041 0.1286 950
1762577322577 0.1318 960
1762577327117 0.1289 970
1762577331758 0.1224 980
1762577336349 0.127 990
1762577340980 0.129 1000
1762577363132 0.1247 1010
1762577367670 0.1254 1020
1762577372190 0.1311 1030
1762577376713 0.1285 1040
1762577381273 0.1282 1050
1762577402777 0.1271 1060
1762577407274 0.1275 1070
1762577411820 0.1297 1080
1762577416406 0.1276 1090
1762577421024 0.1255 1100
1762577442610 0.1244 1110
1762577447131 0.1298 1120
1762577451672 0.1207 1130
1762577456199 0.1213 1140
1762577460705 0.1233 1150
1762577482216 0.1292 1160
1762577486865 0.1265 1170
1762577491429 0.1218 1180
1762577495983 0.1244 1190
1762577500598 0.1197 1200
1762577522111 0.1253 1210
1762577526643 0.1243 1220
1762577531246 0.1222 1230
1762577535767 0.1186 1240
1762577540304 0.1216 1250
1762577562545 0.1256 1260
1762577567065 0.1224 1270
1762577571660 0.124 1280
1762577576202 0.1185 1290
1762577580751 0.1216 1300
1762577602220 0.1179 1310
1762577606774 0.1201 1320
1762577611402 0.1208 1330
1762577615905 0.1163 1340
1762577620445 0.1158 1350
1762577641951 0.1221 1360
1762577646517 0.1175 1370
1762577651074 0.1178 1380
1762577655680 0.1173 1390
1762577660196 0.1181 1400
1762577681694 0.1149 1410
1762577686223 0.119 1420
1762577690771 0.1126 1430
1762577695287 0.1185 1440
1762577699764 0.1158 1450
1762577721271 0.1182 1460
1762577725854 0.1162 1470
1762577730398 0.1148 1480
1762577734934 0.1141 1490
1762577739544 0.1152 1500
1762577761801 0.1106 1510
1762577766332 0.1103 1520
1762577770921 0.1075 1530
1762577775441 0.109 1540
1762577779932 0.1076 1550
1762577801468 0.1118 1560
1762577806052 0.1043 1570
1762577810659 0.1002 1580
1762577815204 0.1008 1590
1762577819722 0.1005 1600
1762577841258 0.0961 1610
1762577845811 0.0955 1620
1762577850284 0.0988 1630
1762577854835 0.0943 1640
1762577859409 0.0915 1650
1762579494253 0.0911 1660
1762579498785 0.0925 1670
1762579503345 0.0878 1680
1762579507858 0.0814 1690
1762579512390 0.0834 1700
1762579533862 0.0804 1710
1762579538373 0.0858 1720
1762579542973 0.0818 1730
1762579547521 0.0873 1740
1762579552070 0.0803 1750
1762579574302 0.0802 1760
1762579578903 0.0819 1770
1762579583502 0.0795 1780
1762579588028 0.0796 1790
1762579592499 0.0813 1800
1762579614117 0.0787 1810
1762579618752 0.0782 1820
1762579623281 0.076 1830
1762579627827 0.0773 1840
1762579632322 0.0813 1850
1762579653763 0.0812 1860
1762579658263 0.0832 1870
1762579662854 0.0765 1880
1762579667405 0.0779 1890
1762579671971 0.0743 1900
1762579693505 0.0725 1910
1762579698066 0.0766 1920
1762579702660 0.0748 1930
1762579707172 0.0783 1940
1762579711800 0.0792 1950
1762579733351 0.0773 1960
1762579737879 0.0781 1970
1762579742411 0.0738 1980
1762579746879 0.0776 1990
1762579751496 0.0767 2000
1762579773762 0.0776 2010
1762579778356 0.0755 2020
1762579782904 0.0767 2030
1762579787473 0.0776 2040
1762579791969 0.0765 2050
1762579813417 0.0764 2060
1762579817891 0.0744 2070
1762579822419 0.0745 2080
1762579826910 0.0751 2090
1762579831488 0.0747 2100
1762579853017 0.074 2110
1762579857555 0.0775 2120
1762579862190 0.0719 2130
1762579866803 0.0728 2140
1762579871388 0.073 2150
1762579892916 0.0761 2160
1762579897415 0.0725 2170
1762579901930 0.0753 2180
1762579906470 0.0725 2190
1762579910993 0.0737 2200
1762579932585 0.0728 2210
1762579937153 0.0737 2220
1762579941752 0.0736 2230
1762579946376 0.0772 2240
1762579950891 0.0721 2250
1762579973018 0.0726 2260
1762579977556 0.07 2270
1762579982070 0.0709 2280
1762579986532 0.0718 2290
1762579991210 0.0725 2300
1762580012655 0.0723 2310
1762580017232 0.0707 2320
1762580021891 0.0717 2330
1762580026530 0.0747 2340
1762580031198 0.073 2350
1762580052628 0.0749 2360
1762580057212 0.073 2370
1762580061759 0.071 2380
1762580066303 0.0729 2390
1762580070935 0.0721 2400
1762580092376 0.0709 2410
1762580096829 0.0724 2420
1762580101370 0.0718 2430
1762580105948 0.071 2440
1762580110430 0.0691 2450
1762580131925 0.0678 2460
1762580136432 0.073 2470
1762580140929 0.0694 2480
1762580145489 0.0696 2490
1762580150036 0.0703 2500
1762580569685 0.0676 2510
1762580574383 0.0717 2520
1762580578940 0.0714 2530
1762580583445 0.0707 2540
1762580588040 0.0679 2550
1762580609525 0.0728 2560
1762580614070 0.0679 2570
1762580618557 0.0744 2580
1762580623219 0.0714 2590
1762580627730 0.0709 2600
1762580649133 0.0693 2610
1762580653636 0.0701 2620
1762580658254 0.0674 2630
1762580662799 0.0693 2640
1762580667312 0.0699 2650
1762580688792 0.0703 2660
1762580693314 0.0738 2670
1762580697866 0.0633 2680
1762580702368 0.0683 2690
1762580706898 0.0702 2700
1762580728459 0.0681 2710
1762580733010 0.0679 2720
1762580737647 0.0667 2730
1762580742224 0.0672 2740
1762580746773 0.0693 2750
1762580768975 0.0705 2760
1762580773475 0.073 2770
1762580778087 0.0716 2780
1762580782660 0.0694 2790
1762580787206 0.067 2800
1762580808670 0.0671 2810
1762580813258 0.0654 2820
1762580817756 0.0661 2830
1762580822327 0.0686 2840
1762580826858 0.0674 2850
1762580848445 0.07 2860
1762580853132 0.0674 2870
1762580857653 0.0668 2880
1762580862270 0.0664 2890
1762580866903 0.0654 2900
1762580888376 0.0671 2910
1762580892984 0.0678 2920
1762580897579 0.0703 2930
1762580902079 0.0675 2940
1762580906632 0.0679 2950
1762580928192 0.0711 2960
1762580932661 0.0677 2970
1762580937154 0.0686 2980
1762581652590 0.0685 2990
1762581657133 0.0657 3000
1762581679376 0.0667 3010
1762581683991 0.0649 3020
1762581688493 0.0635 3030
1762581692978 0.0676 3040
1762581697504 0.0663 3050
1762581718896 0.069 3060
1762581723418 0.0668 3070
1762581727891 0.0678 3080
1762581732415 0.0643 3090
1762581737028 0.0694 3100
1762581758505 0.0659 3110
1762581763115 0.0675 3120
1762581767701 0.0658 3130
1762581772203 0.0668 3140
1762581776755 0.065 3150
1762581798276 0.065 3160
1762581802965 0.0687 3170
1762581807527 0.0651 3180
1762581812140 0.0629 3190
1762581816689 0.0646 3200
1762581838204 0.0653 3210
1762581842787 0.0655 3220
1762581847406 0.0638 3230
1762581851932 0.065 3240
1762581856438 0.0648 3250
1762581878613 0.0653 3260
1762581883212 0.0657 3270
1762581887744 0.0668 3280
1762581892351 0.0639 3290
1762581896884 0.0664 3300
1762581918362 0.066 3310
1762581923008 0.064 3320
1762581927560 0.0665 3330
1762581932107 0.0648 3340
1762581936645 0.0664 3350
1762581958155 0.0656 3360
1762581962678 0.0661 3370
1762581967258 0.0628 3380
1762581971800 0.0638 3390
1762581976469 0.0641 3400
1762581998071 0.063 3410
1762582002717 0.0618 3420
1762582007250 0.0643 3430
1762582011804 0.0634 3440
1762582016417 0.0646 3450
1762584980883 0.065 3460
1762584985427 0.0659 3470
1762584990085 0.0642 3480
1762584994620 0.063 3490
1762584999128 0.0639 3500
1762585021408 0.0638 3510
1762585025910 0.0641 3520
1762585030370 0.0653 3530
1762585034861 0.0664 3540
1762585039424 0.0649 3550
1762585060889 0.0626 3560
1762585065455 0.0638 3570
1762585069941 0.0627 3580
1762585074483 0.0626 3590
1762585079138 0.0608 3600
1762585100641 0.0631 3610
1762585105196 0.0607 3620
1762585109727 0.068 3630
1762585114229 0.0645 3640
1762585118777 0.0636 3650
1762585140360 0.0644 3660
1762585144899 0.0625 3670
1762585149487 0.0617 3680
1762585153977 0.0631 3690
1762585158504 0.0647 3700
1762585180228 0.0646 3710
1762585184874 0.0635 3720
1762585189410 0.0626 3730
1762585193926 0.0633 3740
1762585198431 0.0605 3750
1762585220698 0.0622 3760
1762585225294 0.0629 3770
1762585229842 0.0619 3780
1762585234424 0.0622 3790
1762585239002 0.0594 3800
1762585260509 0.0641 3810
1762585265059 0.0657 3820
1762585269662 0.0618 3830
1762585274177 0.0619 3840
1762585278769 0.0606 3850
1762585300293 0.0624 3860
1762585304876 0.0644 3870
1762585309433 0.0643 3880
1762585313959 0.0626 3890
1762587903196 0.0623 3900
1762587924679 0.0635 3910
1762587929203 0.0622 3920
1762587933763 0.0614 3930
1762587938322 0.0628 3940
1762587942775 0.0614 3950
1762587964525 0.0613 3960
1762587969388 0.0617 3970
1762587973955 0.0619 3980
1762587978626 0.0621 3990
1762587983253 0.0609 4000
1762588005520 0.0618 4010
1762588010025 0.0625 4020
1762588014609 0.0632 4030
1762588019146 0.0586 4040
1762588023651 0.0625 4050
1762588045113 0.0615 4060
1762588049648 0.0641 4070
1762588054122 0.0586 4080
1762588058647 0.0627 4090
1762588063186 0.0628 4100
1762588084704 0.0623 4110
1762588089270 0.061 4120
1762588093819 0.0604 4130
1762588098271 0.0613 4140
1762588102911 0.0608 4150
1762588124445 0.0616 4160
1762588128927 0.0623 4170
1762588133497 0.0581 4180
1762588138087 0.0607 4190
1762588142683 0.059 4200
1762588164171 0.065 4210
1762588168726 0.0627 4220
1762588173352 0.0627 4230
1762588177882 0.0606 4240
1762588182448 0.0602 4250
1762588204701 0.0603 4260
1762588209246 0.0629 4270
1762588213824 0.0616 4280
1762588218393 0.0598 4290
1762588222945 0.0624 4300
1762588244443 0.0602 4310
1762588248928 0.0603 4320
1762588253492 0.0609 4330
1762588258019 0.0624 4340
1762588262539 0.0628 4350
1762588284117 0.0633 4360
1762588288684 0.0588 4370
1762588293353 0.0606 4380
1762588297978 0.0602 4390
1762588302556 0.0586 4400
1762588324095 0.058 4410
1762588328653 0.0587 4420
1762588333207 0.0603 4430
1762588337689 0.0625 4440
1762588342255 0.0591 4450
1762588363793 0.0608 4460
1762588368448 0.0623 4470
1762588373041 0.0617 4480
1762588377527 0.0615 4490
1762588382087 0.0614 4500
1762588404298 0.0616 4510
1762588408747 0.0594 4520
1762588413376 0.0592 4530
1762588417973 0.0614 4540
1762588422522 0.0613 4550
1762588444057 0.0599 4560
1762588448593 0.0604 4570
1762588453168 0.0574 4580
1762588457705 0.0585 4590
1762588462289 0.061 4600
1762588483835 0.0589 4610
1762588488452 0.0612 4620
1762588493013 0.0589 4630
1762588497537 0.0606 4640
1762588502026 0.0608 4650
1762588523506 0.0631 4660
1762588528151 0.0612 4670
1762588532734 0.0581 4680
1762588537246 0.0598 4690
1762588541722 0.0579 4700
1762588563290 0.06 4710
1762588567811 0.0594 4720
1762588572401 0.0586 4730
1762588576953 0.0595 4740
1762588581432 0.06 4750
1762588603670 0.0623 4760
1762588608318 0.0626 4770
1762588612876 0.0596 4780
1762588617413 0.057 4790
1762588622048 0.0609 4800
1762588643579 0.0594 4810
1762588648108 0.0621 4820
1762588652649 0.059 4830
1762588657162 0.0599 4840
1762588661787 0.0617 4850
1762591064753 0.0601 4860
1762591069263 0.0605 4870
1762591073832 0.0573 4880
1762591078374 0.0594 4890
1762591082953 0.0601 4900
1762591104430 0.0591 4910
1762591108872 0.0589 4920
1762591113412 0.0599 4930
1762591117968 0.0606 4940
1762591122432 0.0624 4950
1762591144336 0.0577 4960
1762591148893 0.0599 4970
1762591153466 0.0586 4980
1762591157978 0.0596 4990
1762591162538 0.0589 5000
