1762576564944 0.45012509971857073 10
1762576569492 0.5051082611083985 20
1762576574011 0.5491325750946998 30
1762576578555 0.6243637368083 40
1762576604750 0.8115836791694164 60
1762576609292 0.9303608641028405 70
1762576613861 0.9416774570941925 80
1762576618381 0.946557967364788 90
1762576644361 0.9549220375716686 110
1762576648970 0.9570853307843208 120
1762576653618 0.9596901729702949 130
1762576658155 0.9614316582679748 140
1762576684300 0.9618151314556599 160
1762576688910 0.9642757087945938 170
1762576693421 0.9651762410998345 180
1762576698010 0.9665044471621513 190
1762576723980 0.9670497864484787 210
1762576728591 0.9685714304447174 220
1762576733219 0.9684512808918952 230
1762576737733 0.9679695591330528 240
1762576764418 0.9697581619024277 260
1762576769059 0.9695102497935295 270
1762576773708 0.9705030947923661 280
1762576778234 0.9713763654232025 290
1762576804265 0.9721137531101703 310
1762576808769 0.9716869220137596 320
1762576813382 0.9729571983218193 330
1762576817991 0.9739174261689186 340
1762576844079 0.9732357159256935 360
1762576848588 0.973987202346325 370
1762576853090 0.9734843492507934 380
1762576857683 0.9716539487242699 390
1762576883927 0.9739910632371902 410
1762576888427 0.974563167989254 420
1762576892973 0.9743391156196595 430
1762576897458 0.9732862412929535 440
1762576923555 0.9746361181139946 460
1762576928125 0.9752143457531929 470
1762576932750 0.9735588669776917 480
1762576937348 0.9746295571327209 490
1762576964131 0.9738560862839222 510
1762576968664 0.9749245539307594 520
1762576973209 0.9762839436531067 530
1762576977690 0.9750474497675896 540
1762577003727 0.9747165009379387 560
1762577008256 0.9768524333834648 570
1762577012847 0.974118460714817 580
1762577017372 0.9764373451471329 590
1762577043593 0.9755459062755107 610
1762577048214 0.9745410293340683 620
1762577052773 0.9744215682148933 630
1762577057441 0.9764586672186851 640
1762577083387 0.9765538610517979 660
1762577087936 0.9743986621499061 670
1762577092481 0.976637801527977 680
1762577096972 0.9765520021319389 690
1762577123068 0.9759356290102005 710
1762577127540 0.9755445703864097 720
1762577132032 0.9751047238707542 730
1762577136588 0.9765648871660233 740
1762577163427 0.9765280850231648 760
1762577167931 0.9751304388046265 770
1762577172463 0.9772804662585258 780
1762577177060 0.9760595694184303 790
1762577203132 0.9769814550876618 810
1762577207756 0.9756118386983872 820
1762577212312 0.9768777072429657 830
1762577216798 0.9774060621857643 840
1762577242958 0.977375964820385 860
1762577247623 0.9776242509484291 870
1762577252231 0.9764465257525444 880
1762577256783 0.977121701836586 890
1762577282914 0.9764391593635082 910
1762577287432 0.9771055549383163 920
1762577291961 0.9777249485254288 930
1762577296467 0.9762374296784401 940
1762577322577 0.9768704131245614 960
1762577327117 0.9770815998315812 970
1762577331758 0.9788696393370628 980
1762577336349 0.977741377055645 990
1762577363132 0.9777477391064167 1010
1762577367670 0.9772268876433372 1020
1762577372190 0.9767030358314515 1030
1762577376713 0.977782541513443 1040
1762577402777 0.9777710944414139 1060
1762577407274 0.9773025378584862 1070
1762577411820 0.9771171912550927 1080
1762577416406 0.9767711862921715 1090
1762577442610 0.9779028967022896 1110
1762577447131 0.9770288586616516 1120
1762577451672 0.9786216273903847 1130
1762577456199 0.9787616968154907 1140
1762577482216 0.9772268541157245 1160
1762577486865 0.9773737668991089 1170
1762577491429 0.9779260694980622 1180
1762577495983 0.9770501494407654 1190
1762577522111 0.9778263188898564 1210
1762577526643 0.9781159922480583 1220
1762577531246 0.9777696117758751 1230
1762577535767 0.9783630281686783 1240
1762577562545 0.9779559835791588 1260
1762577567065 0.9781707182526589 1270
1762577571660 0.9776396468281746 1280
1762577576202 0.97892524600029 1290
1762577602220 0.9787414982914925 1310
1762577606774 0.9781551405787468 1320
1762577611402 0.9779034659266472 1330
1762577615905 0.9793148919939995 1340
1762577641951 0.9785353302955627 1360
1762577646517 0.9785013556480407 1370
1762577651074 0.9792190358042717 1380
1762577655680 0.9783680319786072 1390
1762577681694 0.9783443793654442 1410
1762577686223 0.9781843528151513 1420
1762577690771 0.9791016861796379 1430
1762577695287 0.9779022216796875 1440
1762577721271 0.9783933013677597 1460
1762577725854 0.9782181501388549 1470
1762577730398 0.9787271067500114 1480
1762577734934 0.9780671417713165 1490
1762577761801 0.9786853179335594 1510
1762577766332 0.9782391339540482 1520
1762577770921 0.9790862128138542 1530
1762577775441 0.9789598301053047 1540
1762577801468 0.9780232824385167 1560
1762577806052 0.9783418715000153 1570
1762577810659 0.9797219529747963 1580
1762577815204 0.9787209153175354 1590
1762577841258 0.9787101276218891 1610
1762577845811 0.980548444390297 1620
1762577850284 0.980514070391655 1630
1762577854835 0.9813566908240319 1640
1762579494253 0.982031448930502 1660
1762579498785 0.9820246577262879 1670
1762579503345 0.9821657612919807 1680
1762579507858 0.982665890455246 1690
1762579533862 0.982652048766613 1710
1762579538373 0.9813873037695885 1720
1762579542973 0.9821792989969254 1730
1762579547521 0.9816823124885559 1740
1762579574302 0.9827094875276089 1760
1762579578903 0.982174989581108 1770
1762579583502 0.9829075843095779 1780
1762579588028 0.9824871510267258 1790
1762579614117 0.9824238628149032 1810
1762579618752 0.9831003770232201 1820
1762579623281 0.9832500666379929 1830
1762579627827 0.9827411845326424 1840
1762579653763 0.9824994713068008 1860
1762579658263 0.9828977972269058 1870
1762579662854 0.982944555580616 1880
1762579667405 0.9822865813970566 1890
1762579693505 0.983572245389223 1910
1762579698066 0.9833354160189629 1920
1762579702660 0.9831180542707443 1930
1762579707172 0.9835371553897858 1940
1762579733351 0.9828515172004699 1960
1762579737879 0.9830576479434967 1970
1762579742411 0.9834040388464927 1980
1762579746879 0.9825778797268867 1990
1762579773762 0.9825744293630123 2010
1762579778356 0.9833327829837799 2020
1762579782904 0.982837301492691 2030
1762579787473 0.9827375337481499 2040
1762579813417 0.9831588700413704 2060
1762579817891 0.9842280685901642 2070
1762579822419 0.9836632251739502 2080
1762579826910 0.9827898666262627 2090
1762579853017 0.9833253927528858 2110
1762579857555 0.9831823945045471 2120
1762579862190 0.9827138870954514 2130
1762579866803 0.9841047048568725 2140
1762579892916 0.9838836580514908 2160
1762579897415 0.9835766434669495 2170
1762579901930 0.9830880120396615 2180
1762579906470 0.9829915180802345 2190
1762579932585 0.9834879286587238 2210
1762579937153 0.9837474256753922 2220
1762579941752 0.983000174164772 2230
1762579946376 0.9824115425348282 2240
1762579973018 0.9833899699151516 2260
1762579977556 0.9842542856931686 2270
1762579982070 0.9843579575419426 2280
1762579986532 0.9836588516831398 2290
1762580012655 0.9837663814425468 2310
1762580017232 0.9840461298823356 2320
1762580021891 0.9839699625968933 2330
1762580026530 0.9834561154246331 2340
1762580052628 0.983627388626337 2360
1762580057212 0.9839601501822471 2370
1762580061759 0.984216621518135 2380
1762580066303 0.9834127977490426 2390
1762580092376 0.9837440267205239 2410
1762580096829 0.9838420286774635 2420
1762580101370 0.9837802976369858 2430
1762580105948 0.9840440899133682 2440
1762580131925 0.9844469614326954 2460
1762580136432 0.9833112001419068 2470
1762580140929 0.9842902839183807 2480
1762580145489 0.9838816329836846 2490
1762580569685 0.9843707390129566 2510
1762580574383 0.9841882780194282 2520
1762580578940 0.9841014891862869 2530
1762580583445 0.9841631054878235 2540
1762580609525 0.983951410651207 2560
1762580614070 0.9846164509654045 2570
1762580618557 0.9831708893179893 2580
1762580623219 0.9836401537060737 2590
1762580649133 0.9843548744916916 2610
1762580653636 0.9842581480741501 2620
1762580658254 0.983952023088932 2630
1762580662799 0.9843328833580017 2640
1762580688792 0.9840865552425384 2660
1762580693314 0.9838666766881943 2670
1762580697866 0.9854918211698532 2680
1762580702368 0.9846905782818794 2690
1762580728459 0.984270017594099 2710
1762580733010 0.9842738926410675 2720
1762580737647 0.9849144071340561 2730
1762580742224 0.9856981262564659 2740
1762580768975 0.9839416615664959 2760
1762580773475 0.98406423330307 2770
1762580778087 0.9845675855875016 2780
1762580782660 0.9842211902141571 2790
1762580808670 0.9846738494932652 2810
1762580813258 0.9850010052323341 2820
1762580817756 0.9849778577685356 2830
1762580822327 0.9847266271710395 2840
1762580848445 0.9844593539834022 2860
1762580853132 0.9847133383154869 2870
1762580857653 0.9849762916564941 2880
1762580862270 0.9849125280976295 2890
1762580888376 0.98475386723876 2910
1762580892984 0.9844840198755265 2920
1762580897579 0.9836710527539253 2930
1762580902079 0.9850593522191048 2940
1762580928192 0.9843986570835114 2960
1762580932661 0.9849314317107201 2970
1762580937154 0.9844004526734352 2980
1762581652590 0.9848292782902718 2990
1762581679376 0.9850809790194035 3010
1762581683991 0.9846449509263039 3020
1762581688493 0.9851997286081314 3030
1762581692978 0.9846973448991776 3040
1762581718896 0.984539907425642 3060
1762581723418 0.9849495440721512 3070
1762581727891 0.9846229866147042 3080
1762581732415 0.9857456490397454 3090
1762581758505 0.9845541723072528 3110
1762581763115 0.9852676287293434 3120
1762581767701 0.985280978679657 3130
1762581772203 0.9849514901638031 3140
1762581798276 0.9852919809520244 3160
1762581802965 0.9847000434994697 3170
1762581807527 0.9857239156961441 3180
1762581812140 0.985608172416687 3190
1762581838204 0.9853498123586177 3210
1762581842787 0.9851449221372605 3220
1762581847406 0.9854166701436042 3230
1762581851932 0.9851940602064133 3240
1762581878613 0.9851688057184219 3260
1762581883212 0.9851091027259826 3270
1762581887744 0.9849757745862007 3280
1762581892351 0.9853212788701058 3290
1762581918362 0.9851761221885681 3310
1762581923008 0.9849743112921715 3320
1762581927560 0.9853103905916214 3330
1762581932107 0.9852354407310486 3340
1762581958155 0.9846637181937694 3360
1762581962678 0.984831178188324 3370
1762581967258 0.9856569394469261 3380
1762581971800 0.9852568596601486 3390
1762581998071 0.985013148188591 3410
1762582002717 0.9854449331760406 3420
1762582007250 0.9849209398031235 3430
1762582011804 0.9858108341693879 3440
1762584980883 0.9854206159710884 3460
1762584985427 0.9853459879755974 3470
1762584990085 0.9856910064816475 3480
1762584994620 0.9856185480952263 3490
1762585021408 0.9859773948788643 3510
1762585025910 0.9856033444404602 3520
1762585030370 0.985213327407837 3530
1762585034861 0.9853865817189217 3540
1762585060889 0.985549020767212 3560
1762585065455 0.9855358839035034 3570
1762585069941 0.9859927520155907 3580
1762585074483 0.9854974031448365 3590
1762585100641 0.9858148142695426 3610
1762585105196 0.9860825851559639 3620
1762585109727 0.9850227937102318 3630
1762585114229 0.9852539271116256 3640
1762585140360 0.9851912997663022 3660
1762585144899 0.9857242256402969 3670
1762585149487 0.9857412099838256 3680
1762585153977 0.9856051877140999 3690
1762585180228 0.9853399656713009 3710
1762585184874 0.98629759401083 3720
1762585189410 0.9862902492284775 3730
1762585193926 0.98598612844944 3740
1762585220698 0.9858424879610539 3760
1762585225294 0.9860557705163956 3770
1762585229842 0.9855030402541161 3780
1762585234424 0.9853591233491897 3790
1762585260509 0.9862833075225353 3810
1762585265059 0.9850906759500504 3820
1762585269662 0.9856237471103668 3830
1762585274177 0.9860872223973274 3840
1762585300293 0.9859660737216472 3860
1762585304876 0.9852677747607231 3870
1762585309433 0.9855130255222321 3880
1762585313959 0.9862337857484818 3890
1762587924679 0.9861372493207454 3910
1762587929203 0.9849601924419403 3920
1762587933763 0.9862955912947655 3930
1762587938322 0.9860704153776169 3940
1762587964525 0.9860251113772392 3960
1762587969388 0.9862623915076256 3970
1762587973955 0.9858256578445435 3980
1762587978626 0.9857272133231163 3990
1762588005520 0.9858107842504978 4010
1762588010025 0.9856322839856148 4020
1762588014609 0.9857072532176971 4030
1762588019146 0.9867269814014434 4040
1762588045113 0.9861922614276409 4060
1762588049648 0.9858256936073303 4070
1762588054122 0.9865031063556671 4080
1762588058647 0.9855962961912155 4090
1762588084704 0.9857463508844375 4110
1762588089270 0.9859000906348229 4120
1762588093819 0.9857929795980453 4130
1762588098271 0.9861463010311127 4140
1762588124445 0.9860274292528629 4160
1762588128927 0.9863646492362023 4170
1762588133497 0.9863008752465248 4180
1762588138087 0.9863868787884712 4190
1762588164171 0.9863143876194954 4210
1762588168726 0.9864437460899353 4220
1762588173352 0.986143171787262 4230
1762588177882 0.9862797856330872 4240
1762588204701 0.9859051950275898 4260
1762588209246 0.9860396221280098 4270
1762588213824 0.9850975856184959 4280
1762588218393 0.9859541699290275 4290
1762588244443 0.9865082778036595 4310
1762588248928 0.9862717732787132 4320
1762588253492 0.9862097203731537 4330
1762588258019 0.9855827316641808 4340
1762588284117 0.9860949538648128 4360
1762588288684 0.9865515977144241 4370
1762588293353 0.9857598394155502 4380
1762588297978 0.9862681567668915 4390
1762588324095 0.9865362718701363 4410
1762588328653 0.9861576527357101 4420
1762588333207 0.9864797472953797 4430
1762588337689 0.9858429655432701 4440
1762588363793 0.9862473748624325 4460
1762588368448 0.9857868671417236 4470
1762588373041 0.9864207968115807 4480
1762588377527 0.9862935855984688 4490
1762588404298 0.9860300868749619 4510
1762588408747 0.9862587451934814 4520
1762588413376 0.9860580712556839 4530
1762588417973 0.9860639661550522 4540
1762588444057 0.9863697700202465 4560
1762588448593 0.9860628560185433 4570
1762588453168 0.9865801781415939 4580
1762588457705 0.9872130334377289 4590
1762588483835 0.9862677842378617 4610
1762588488452 0.9861236914992333 4620
1762588493013 0.9864296853542328 4630
1762588497537 0.9864272624254227 4640
1762588523506 0.986072813719511 4660
1762588528151 0.9865339651703835 4670
1762588532734 0.9864491537213326 4680
1762588537246 0.986371023952961 4690
1762588563290 0.9866308905184269 4710
1762588567811 0.9863333627581596 4720
1762588572401 0.9864178776741028 4730
1762588576953 0.9865529567003251 4740
1762588603670 0.9863351508975029 4760
1762588608318 0.9858191728591919 4770
1762588612876 0.9866984516382218 4780
1762588617413 0.9863909497857094 4790
1762588643579 0.9864671811461448 4810
1762588648108 0.9861359149217606 4820
1762588652649 0.9866725102066993 4830
1762588657162 0.9861903548240661 4840
1762591064753 0.9862030260264874 4860
1762591069263 0.9866786882281303 4870
1762591073832 0.9863209366798401 4880
1762591078374 0.9870623886585236 4890
1762591104430 0.986540074646473 4910
1762591108872 0.9863326355814934 4920
1762591113412 0.9868683308362961 4930
1762591117968 0.9858039051294327 4940
1762591144336 0.9862355045974255 4960
1762591148893 0.9861592948436737 4970
1762591153466 0.9869838044047355 4980
1762591157978 0.9864381492137909 4990
