1762576564944 45050.0 10
1762576569492 90085.0 20
1762576574011 135046.0 30
1762576578555 180508.0 40
1762576604750 270864.0 60
1762576609292 315895.0 70
1762576613861 361071.0 80
1762576618381 406254.0 90
1762576644361 496182.0 110
1762576648970 541424.0 120
1762576653618 586725.0 130
1762576658155 631762.0 140
1762576684300 722134.0 160
1762576688910 767396.0 170
1762576693421 812694.0 180
1762576698010 857276.0 190
1762576723980 947231.0 210
1762576728591 992623.0 220
1762576733219 1037655.0 230
1762576737733 1082923.0 240
1762576764418 1173151.0 260
1762576769059 1218569.0 270
1762576773708 1263772.0 280
1762576778234 1308706.0 290
1762576804265 1399041.0 310
1762576808769 1444341.0 320
1762576813382 1489629.0 330
1762576817991 1534771.0 340
1762576844079 1624970.0 360
1762576848588 1669971.0 370
1762576853090 1714645.0 380
1762576857683 1760039.0 390
1762576883927 1850501.0 410
1762576888427 1895326.0 420
1762576892973 1940434.0 430
1762576897458 1985494.0 440
1762576923555 2075864.0 460
1762576928125 2120947.0 470
1762576932750 2166242.0 480
1762576937348 2211415.0 490
1762576964131 2302301.0 510
1762576968664 2347039.0 520
1762576973209 2392076.0 530
1762576977690 2437165.0 540
1762577003727 2527372.0 560
1762577008256 2572118.0 570
1762577012847 2617306.0 580
1762577017372 2662371.0 590
1762577043593 2753103.0 610
1762577048214 2798311.0 620
1762577052773 2843714.0 630
1762577057441 2889056.0 640
1762577083387 2978764.0 660
1762577087936 3024088.0 670
1762577092481 3069216.0 680
1762577096972 3114156.0 690
1762577123068 3204611.0 710
1762577127540 3249829.0 720
1762577132032 3294835.0 730
1762577136588 3339711.0 740
1762577163427 3429264.0 760
1762577167931 3474406.0 770
1762577172463 3519650.0 780
1762577177060 3565265.0 790
1762577203132 3655637.0 810
1762577207756 3700963.0 820
1762577212312 3746260.0 830
1762577216798 3791082.0 840
1762577242958 3881337.0 860
1762577247623 3926549.0 870
1762577252231 3971945.0 880
1762577256783 4016968.0 890
1762577282914 4107292.0 910
1762577287432 4152008.0 920
1762577291961 4197121.0 930
1762577296467 4241856.0 940
1762577322577 4332058.0 960
1762577327117 4377380.0 970
1762577331758 4422582.0 980
1762577336349 4467875.0 990
1762577363132 4558042.0 1010
1762577367670 4603492.0 1020
1762577372190 4648497.0 1030
1762577376713 4693437.0 1040
1762577402777 4783320.0 1060
1762577407274 4828371.0 1070
1762577411820 4873389.0 1080
1762577416406 4918843.0 1090
1762577442610 5009368.0 1110
1762577447131 5054398.0 1120
1762577451672 5099280.0 1130
1762577456199 5144360.0 1140
1762577482216 5234713.0 1160
1762577486865 5280192.0 1170
1762577491429 5325454.0 1180
1762577495983 5370899.0 1190
1762577522111 5461435.0 1210
1762577526643 5506244.0 1220
1762577531246 5551560.0 1230
1762577535767 5596675.0 1240
1762577562545 5686604.0 1260
1762577567065 5731500.0 1270
1762577571660 5776609.0 1280
1762577576202 5821706.0 1290
1762577602220 5911447.0 1310
1762577606774 5956880.0 1320
1762577611402 6002087.0 1330
1762577615905 6046884.0 1340
1762577641951 6137553.0 1360
1762577646517 6182532.0 1370
1762577651074 6227539.0 1380
1762577655680 6272802.0 1390
1762577681694 6362893.0 1410
1762577686223 6408097.0 1420
1762577690771 6453285.0 1430
1762577695287 6498581.0 1440
1762577721271 6588594.0 1460
1762577725854 6633974.0 1470
1762577730398 6678994.0 1480
1762577734934 6724219.0 1490
1762577761801 6814049.0 1510
1762577766332 6859369.0 1520
1762577770921 6904297.0 1530
1762577775441 6949472.0 1540
1762577801468 7039633.0 1560
1762577806052 7085254.0 1570
1762577810659 7130466.0 1580
1762577815204 7175537.0 1590
1762577841258 7265786.0 1610
1762577845811 7311232.0 1620
1762577850284 7355831.0 1630
1762577854835 7401080.0 1640
1762579494253 7491334.0 1660
1762579498785 7536230.0 1670
1762579503345 7581440.0 1680
1762579507858 7626115.0 1690
1762579533862 7716332.0 1710
1762579538373 7761567.0 1720
1762579542973 7806784.0 1730
1762579547521 7851712.0 1740
1762579574302 7942193.0 1760
1762579578903 7987678.0 1770
1762579583502 8032855.0 1780
1762579588028 8078215.0 1790
1762579614117 8168350.0 1810
1762579618752 8213516.0 1820
1762579623281 8258496.0 1830
1762579627827 8303729.0 1840
1762579653763 8393898.0 1860
1762579658263 8438570.0 1870
1762579662854 8483797.0 1880
1762579667405 8528944.0 1890
1762579693505 8619064.0 1910
1762579698066 8664280.0 1920
1762579702660 8709455.0 1930
1762579707172 8754425.0 1940
1762579733351 8845019.0 1960
1762579737879 8890109.0 1970
1762579742411 8935256.0 1980
1762579746879 8980043.0 1990
1762579773762 9070146.0 2010
1762579778356 9115347.0 2020
1762579782904 9160427.0 2030
1762579787473 9205851.0 2040
1762579813417 9296090.0 2060
1762579817891 9340911.0 2070
1762579822419 9385888.0 2080
1762579826910 9431064.0 2090
1762579853017 9521416.0 2110
1762579857555 9566603.0 2120
1762579862190 9611944.0 2130
1762579866803 9657105.0 2140
1762579892916 9747353.0 2160
1762579897415 9792509.0 2170
1762579901930 9837419.0 2180
1762579906470 9882524.0 2190
1762579932585 9973276.0 2210
1762579937153 10018278.0 2220
1762579941752 10063460.0 2230
1762579946376 10108722.0 2240
1762579973018 10198580.0 2260
1762579977556 10243533.0 2270
1762579982070 10288844.0 2280
1762579986532 10333749.0 2290
1762580012655 10424538.0 2310
1762580017232 10469372.0 2320
1762580021891 10515037.0 2330
1762580026530 10560320.0 2340
1762580052628 10650501.0 2360
1762580057212 10695760.0 2370
1762580061759 10740818.0 2380
1762580066303 10785816.0 2390
1762580092376 10876308.0 2410
1762580096829 10920996.0 2420
1762580101370 10965962.0 2430
1762580105948 11010928.0 2440
1762580131925 11100957.0 2460
1762580136432 11146055.0 2470
1762580140929 11191034.0 2480
1762580145489 11236348.0 2490
1762580569685 11326475.0 2510
1762580574383 11371958.0 2520
1762580578940 11417022.0 2530
1762580583445 11461810.0 2540
1762580609525 11552069.0 2560
1762580614070 11597258.0 2570
1762580618557 11642420.0 2580
1762580623219 11687845.0 2590
1762580649133 11778084.0 2610
1762580653636 11822937.0 2620
1762580658254 11868043.0 2630
1762580662799 11913401.0 2640
1762580688792 12003757.0 2660
1762580693314 12048903.0 2670
1762580697866 12093977.0 2680
1762580702368 12139015.0 2690
1762580728459 12229616.0 2710
1762580733010 12274803.0 2720
1762580737647 12319960.0 2730
1762580742224 12364959.0 2740
1762580768975 12455199.0 2760
1762580773475 12500367.0 2770
1762580778087 12545461.0 2780
1762580782660 12590435.0 2790
1762580808670 12680366.0 2810
1762580813258 12725645.0 2820
1762580817756 12770677.0 2830
1762580822327 12815795.0 2840
1762580848445 12906376.0 2860
1762580853132 12951732.0 2870
1762580857653 12996690.0 2880
1762580862270 13041874.0 2890
1762580888376 13132495.0 2910
1762580892984 13177591.0 2920
1762580897579 13222804.0 2930
1762580902079 13267622.0 2940
1762580928192 13358150.0 2960
1762580932661 13402767.0 2970
1762580937154 13447664.0 2980
1762581652590 13492918.0 2990
1762581679376 13583151.0 3010
1762581683991 13628379.0 3020
1762581688493 13673109.0 3030
1762581692978 13718118.0 3040
1762581718896 13808583.0 3060
1762581723418 13853523.0 3070
1762581727891 13898736.0 3080
1762581732415 13943689.0 3090
1762581758505 14033991.0 3110
1762581763115 14079390.0 3120
1762581767701 14124619.0 3130
1762581772203 14169784.0 3140
1762581798276 14260186.0 3160
1762581802965 14305339.0 3170
1762581807527 14350052.0 3180
1762581812140 14395356.0 3190
1762581838204 14485555.0 3210
1762581842787 14530772.0 3220
1762581847406 14575897.0 3230
1762581851932 14620971.0 3240
1762581878613 14711154.0 3260
1762581883212 14756603.0 3270
1762581887744 14801807.0 3280
1762581892351 14846982.0 3290
1762581918362 14936906.0 3310
1762581923008 14982236.0 3320
1762581927560 15027354.0 3330
1762581932107 15072381.0 3340
1762581958155 15162615.0 3360
1762581962678 15207451.0 3370
1762581967258 15252595.0 3380
1762581971800 15297810.0 3390
1762581998071 15388942.0 3410
1762582002717 15434371.0 3420
1762582007250 15479396.0 3430
1762582011804 15524385.0 3440
1762584980883 15615029.0 3460
1762584985427 15660344.0 3470
1762584990085 15705481.0 3480
1762584994620 15750181.0 3490
1762585021408 15840395.0 3510
1762585025910 15885294.0 3520
1762585030370 15930403.0 3530
1762585034861 15975214.0 3540
1762585060889 16064801.0 3560
1762585065455 16110221.0 3570
1762585069941 16155307.0 3580
1762585074483 16200395.0 3590
1762585100641 16291007.0 3610
1762585105196 16336037.0 3620
1762585109727 16381003.0 3630
1762585114229 16426112.0 3640
1762585140360 16517030.0 3660
1762585144899 16561881.0 3670
1762585149487 16607125.0 3680
1762585153977 16652112.0 3690
1762585180228 16742336.0 3710
1762585184874 16787450.0 3720
1762585189410 16832279.0 3730
1762585193926 16877140.0 3740
1762585220698 16967361.0 3760
1762585225294 17012565.0 3770
1762585229842 17058010.0 3780
1762585234424 17103457.0 3790
1762585260509 17193813.0 3810
1762585265059 17238819.0 3820
1762585269662 17284063.0 3830
1762585274177 17328969.0 3840
1762585300293 17419327.0 3860
1762585304876 17464603.0 3870
1762585309433 17509469.0 3880
1762585313959 17554658.0 3890
1762587924679 17644671.0 3910
1762587929203 17689809.0 3920
1762587933763 17734631.0 3930
1762587938322 17779821.0 3940
1762587964525 17870095.0 3960
1762587969388 17915472.0 3970
1762587973955 17960370.0 3980
1762587978626 18005907.0 3990
1762588005520 18096284.0 4010
1762588010025 18141224.0 4020
1762588014609 18186639.0 4030
1762588019146 18231765.0 4040
1762588045113 18321761.0 4060
1762588049648 18366961.0 4070
1762588054122 18411753.0 4080
1762588058647 18456681.0 4090
1762588084704 18547029.0 4110
1762588089270 18591835.0 4120
1762588093819 18636868.0 4130
1762588098271 18681810.0 4140
1762588124445 18772155.0 4160
1762588128927 18817333.0 4170
1762588133497 18862716.0 4180
1762588138087 18907891.0 4190
1762588164171 18998489.0 4210
1762588168726 19043457.0 4220
1762588173352 19088738.0 4230
1762588177882 19133968.0 4240
1762588204701 19224444.0 4260
1762588209246 19269435.0 4270
1762588213824 19314764.0 4280
1762588218393 19359719.0 4290
1762588244443 19449214.0 4310
1762588248928 19494021.0 4320
1762588253492 19538891.0 4330
1762588258019 19584085.0 4340
1762588284117 19674626.0 4360
1762588288684 19719502.0 4370
1762588293353 19764924.0 4380
1762588297978 19810238.0 4390
1762588324095 19900161.0 4410
1762588328653 19945126.0 4420
1762588333207 19990512.0 4430
1762588337689 20035589.0 4440
1762588363793 20125747.0 4460
1762588368448 20171110.0 4470
1762588373041 20216577.0 4480
1762588377527 20261480.0 4490
1762588404298 20351539.0 4510
1762588408747 20396477.0 4520
1762588413376 20442101.0 4530
1762588417973 20487666.0 4540
1762588444057 20578254.0 4560
1762588448593 20623194.0 4570
1762588453168 20668349.0 4580
1762588457705 20713429.0 4590
1762588483835 20803497.0 4610
1762588488452 20848868.0 4620
1762588493013 20893937.0 4630
1762588497537 20939179.0 4640
1762588523506 21029317.0 4660
1762588528151 21074236.0 4670
1762588532734 21118965.0 4680
1762588537246 21163852.0 4690
1762588563290 21253929.0 4710
1762588567811 21299267.0 4720
1762588572401 21344573.0 4730
1762588576953 21390115.0 4740
1762588603670 21479936.0 4760
1762588608318 21525455.0 4770
1762588612876 21570680.0 4780
1762588617413 21615729.0 4790
1762588643579 21705843.0 4810
1762588648108 21750953.0 4820
1762588652649 21796371.0 4830
1762588657162 21841337.0 4840
1762591064753 21931596.0 4860
1762591069263 21976315.0 4870
1762591073832 22021412.0 4880
1762591078374 22066547.0 4890
1762591104430 22157069.0 4910
1762591108872 22201673.0 4920
1762591113412 22246717.0 4930
1762591117968 22291824.0 4940
1762591144336 22382377.0 4960
1762591148893 22427926.0 4970
1762591153466 22473069.0 4980
1762591157978 22518194.0 4990
