1762669937791 0.053475935828877004 10
1762669942999 0.10695187165775401 20
1762669948150 0.16042780748663102 30
1762669953629 0.21390374331550802 40
1762669958899 0.26737967914438504 50
1762669977188 0.26737967914438504 50
1762669982461 0.32085561497326204 60
1762669987608 0.37433155080213903 70
1762669992796 0.42780748663101603 80
1762669998003 0.48128342245989303 90
1762670003187 0.5347593582887701 100
1762670021330 0.5347593582887701 100
1762670026560 0.5882352941176471 110
1762670031839 0.6417112299465241 120
1762670037136 0.6951871657754011 130
1762670042398 0.7486631016042781 140
1762670047480 0.8021390374331551 150
1762670065655 0.8021390374331551 150
1762670071018 0.8556149732620321 160
1762670076279 0.9090909090909091 170
1762670081605 0.9625668449197861 180
1762670086760 1.0160427807486632 190
1762670091797 1.0695187165775402 200
1762670109962 1.0695187165775402 200
1762670115201 1.1229946524064172 210
1762670120490 1.1764705882352942 220
1762670125693 1.2299465240641712 230
1762670131015 1.2834224598930482 240
1762670136217 1.3368983957219251 250
1762670154397 1.3368983957219251 250
1762670160248 1.3903743315508021 260
1762670165696 1.4438502673796791 270
1762670170944 1.4973262032085561 280
1762670175905 1.5508021390374331 290
1762670181241 1.6042780748663101 300
1762670199395 1.6042780748663101 300
1762670204554 1.6577540106951871 310
1762670209929 1.7112299465240641 320
1762670215179 1.7647058823529411 330
1762670220443 1.8181818181818183 340
1762670225601 1.8716577540106951 350
1762670243735 1.8716577540106951 350
1762670248958 1.9251336898395723 360
1762670254099 1.9786096256684491 370
1762670259240 2.0320855614973263 380
1762670264513 2.085561497326203 390
1762670269686 2.1390374331550803 400
1762670287853 2.1390374331550803 400
1762670293134 2.192513368983957 410
1762670298250 2.2459893048128343 420
1762670303447 2.299465240641711 430
1762670308655 2.3529411764705883 440
1762670313932 2.406417112299465 450
1762670332083 2.406417112299465 450
1762670337419 2.4598930481283423 460
1762670342718 2.5133689839572195 470
1762670348027 2.5668449197860963 480
1762670353251 2.620320855614973 490
1762670358454 2.6737967914438503 500
1762670376621 2.6737967914438503 500
1762670382679 2.7272727272727275 510
1762670387738 2.7807486631016043 520
1762670392996 2.834224598930481 530
1762670398144 2.8877005347593583 540
1762670403333 2.9411764705882355 550
1762670421491 2.9411764705882355 550
1762670426773 2.9946524064171123 560
1762670431854 3.0481283422459895 570
1762670437116 3.1016042780748663 580
1762670442325 3.1550802139037435 590
1762670447471 3.2085561497326203 600
1762670465626 3.2085561497326203 600
1762670471026 3.2620320855614975 610
1762670476290 3.3155080213903743 620
1762670481542 3.3689839572192515 630
1762670486839 3.4224598930481283 640
1762670491965 3.4759358288770055 650
1762670510122 3.4759358288770055 650
1762670515354 3.5294117647058822 660
1762670520556 3.5828877005347595 670
1762670525866 3.6363636363636362 680
1762670531104 3.6898395721925135 690
1762670536277 3.7433155080213902 700
1762670554435 3.7433155080213902 700
1762670559717 3.7967914438502675 710
1762670564971 3.8502673796791442 720
1762670570237 3.9037433155080214 730
1762670575256 3.9572192513368982 740
1762670580530 4.010695187165775 750
1762670598682 4.010695187165775 750
1762670604710 4.064171122994653 760
1762670609948 4.117647058823529 770
1762670615324 4.171122994652406 780
1762670620625 4.224598930481283 790
1762670625857 4.278074866310161 800
1762670643995 4.278074866310161 800
1762670649240 4.331550802139038 810
1762670654414 4.385026737967914 820
1762670659617 4.438502673796791 830
1762670664792 4.491978609625669 840
1762670670010 4.545454545454545 850
1762670688154 4.545454545454545 850
1762670693377 4.598930481283422 860
1762670698605 4.652406417112299 870
1762670703908 4.705882352941177 880
1762670709099 4.759358288770054 890
1762670714252 4.81283422459893 900
1762670732398 4.81283422459893 900
1762670737607 4.866310160427807 910
1762670742711 4.919786096256685 920
1762670747947 4.973262032085562 930
1762670753225 5.026737967914438 940
1762670758415 5.080213903743315 950
1762671342642 5.080213903743315 950
1762671347874 5.133689839572193 960
1762671353175 5.18716577540107 970
1762671358416 5.240641711229946 980
1762671363694 5.294117647058823 990
1762671368971 5.347593582887701 1000
1762671387066 5.347593582887701 1000
1762671393022 5.401069518716578 1010
1762671398403 5.454545454545454 1020
1762671403603 5.508021390374331 1030
1762671408734 5.561497326203209 1040
1762671413978 5.614973262032086 1050
1762671432116 5.614973262032086 1050
1762671437206 5.668449197860962 1060
1762671442421 5.721925133689839 1070
1762671447572 5.775401069518717 1080
1762671452846 5.828877005347594 1090
1762671458180 5.882352941176471 1100
1762671476332 5.882352941176471 1100
1762671481657 5.935828877005347 1110
1762671486789 5.989304812834225 1120
1762671491997 6.042780748663102 1130
1762671497225 6.096256684491979 1140
1762671502494 6.149732620320855 1150
1762671520652 6.149732620320855 1150
1762671525930 6.2032085561497325 1160
1762671531210 6.25668449197861 1170
1762671536597 6.310160427807487 1180
1762671541901 6.363636363636363 1190
1762671547266 6.4171122994652405 1200
1762671565429 6.4171122994652405 1200
1762671570657 6.470588235294118 1210
1762671575686 6.524064171122995 1220
1762671580930 6.577540106951871 1230
1762671586198 6.6310160427807485 1240
1762671591345 6.684491978609626 1250
1762671609505 6.684491978609626 1250
1762671615347 6.737967914438503 1260
1762671620447 6.791443850267379 1270
1762671625658 6.8449197860962565 1280
1762671630871 6.898395721925134 1290
1762671636019 6.951871657754011 1300
1762671654176 6.951871657754011 1300
1762671659287 7.005347593582887 1310
1762671664577 7.0588235294117645 1320
1762671669835 7.112299465240642 1330
1762671674887 7.165775401069519 1340
1762671680109 7.219251336898395 1350
1762671698277 7.219251336898395 1350
1762671703613 7.2727272727272725 1360
1762671708744 7.32620320855615 1370
1762671713977 7.379679144385027 1380
1762671719190 7.433155080213904 1390
1762671724450 7.4866310160427805 1400
1762672170228 7.4866310160427805 1400
1762672175385 7.540106951871658 1410
1762672180634 7.593582887700535 1420
1762672185896 7.647058823529412 1430
1762672191190 7.7005347593582885 1440
1762672196331 7.754010695187166 1450
1762672214416 7.754010695187166 1450
1762672219653 7.807486631016043 1460
1762672224947 7.86096256684492 1470
1762672230037 7.9144385026737964 1480
1762672235319 7.967914438502674 1490
1762672240405 8.02139037433155 1500
1762672258551 8.02139037433155 1500
1762672264543 8.074866310160427 1510
1762672269811 8.128342245989305 1520
1762672275032 8.181818181818182 1530
1762672280241 8.235294117647058 1540
1762672285426 8.288770053475936 1550
1762672303572 8.288770053475936 1550
1762672308782 8.342245989304812 1560
1762672314141 8.39572192513369 1570
1762672319506 8.449197860962567 1580
1762672324795 8.502673796791443 1590
1762672330082 8.556149732620321 1600
1762672348234 8.556149732620321 1600
1762672353351 8.609625668449198 1610
1762672358732 8.663101604278076 1620
1762672363796 8.716577540106952 1630
1762672369049 8.770053475935828 1640
1762672374253 8.823529411764707 1650
1762672392404 8.823529411764707 1650
1762672397652 8.877005347593583 1660
1762672402811 8.93048128342246 1670
1762672408098 8.983957219251337 1680
1762672413212 9.037433155080214 1690
1762672418468 9.090909090909092 1700
1762672436621 9.090909090909092 1700
1762672441705 9.144385026737968 1710
1762672446969 9.197860962566844 1720
1762672452196 9.251336898395722 1730
1762672457327 9.304812834224599 1740
1762672462566 9.358288770053475 1750
1762672480719 9.358288770053475 1750
1762672486776 9.411764705882353 1760
1762672492138 9.46524064171123 1770
1762672497358 9.518716577540108 1780
1762672502598 9.572192513368984 1790
1762672507673 9.62566844919786 1800
1762672525837 9.62566844919786 1800
1762672531088 9.679144385026738 1810
1762672536289 9.732620320855615 1820
1762672541591 9.786096256684491 1830
1762672547005 9.83957219251337 1840
1762672552244 9.893048128342246 1850
1762672570412 9.893048128342246 1850
1762672763010 9.946524064171124 1860
1762672768170 10.0 1870
1762672773461 10.053475935828876 1880
1762672778801 10.106951871657754 1890
1762672783964 10.16042780748663 1900
1762672802022 10.16042780748663 1900
1762672807175 10.213903743315509 1910
1762672812484 10.267379679144385 1920
1762672817741 10.320855614973262 1930
1762672822883 10.37433155080214 1940
1762672828070 10.427807486631016 1950
1762672846207 10.427807486631016 1950
1762672851462 10.481283422459892 1960
1762672856720 10.53475935828877 1970
1762672861968 10.588235294117647 1980
1762672867146 10.641711229946525 1990
1762672872481 10.695187165775401 2000
1762672890631 10.695187165775401 2000
1762672896483 10.748663101604278 2010
1762672901740 10.802139037433156 2020
1762672906878 10.855614973262032 2030
1762672912208 10.909090909090908 2040
1762672917392 10.962566844919786 2050
1762672935530 10.962566844919786 2050
1762672940862 11.016042780748663 2060
1762672945993 11.06951871657754 2070
1762672951229 11.122994652406417 2080
1762672956515 11.176470588235293 2090
1762672961744 11.229946524064172 2100
1762672979892 11.229946524064172 2100
1762672985203 11.283422459893048 2110
1762672990439 11.336898395721924 2120
1762672995699 11.390374331550802 2130
1762673000961 11.443850267379679 2140
1762673006283 11.497326203208557 2150
1762673024449 11.497326203208557 2150
1762673029584 11.550802139037433 2160
1762673034851 11.60427807486631 2170
1762673040038 11.657754010695188 2180
1762673045191 11.711229946524064 2190
1762673050392 11.764705882352942 2200
1762673068531 11.764705882352942 2200
1762673073961 11.818181818181818 2210
1762673079068 11.871657754010695 2220
1762673084453 11.925133689839573 2230
1762673089745 11.97860962566845 2240
1762673094968 12.032085561497325 2250
1762673924199 12.032085561497325 2250
1762673930200 12.085561497326204 2260
1762673935373 12.13903743315508 2270
1762673940645 12.192513368983958 2280
1762673945797 12.245989304812834 2290
1762673951172 12.29946524064171 2300
1762673969230 12.29946524064171 2300
1762673974440 12.352941176470589 2310
1762673979583 12.406417112299465 2320
1762673984952 12.459893048128341 2330
1762673990201 12.51336898395722 2340
1762673995485 12.566844919786096 2350
1762674013604 12.566844919786096 2350
1762674018702 12.620320855614974 2360
1762674024007 12.67379679144385 2370
1762674029159 12.727272727272727 2380
1762674034392 12.780748663101605 2390
1762674039767 12.834224598930481 2400
1762674057902 12.834224598930481 2400
1762674063053 12.887700534759357 2410
1762674068120 12.941176470588236 2420
1762674073298 12.994652406417112 2430
1762674078544 13.04812834224599 2440
1762674083715 13.101604278074866 2450
1762674101871 13.101604278074866 2450
1762674107047 13.155080213903743 2460
1762674112364 13.20855614973262 2470
1762674117558 13.262032085561497 2480
1762674122808 13.315508021390375 2490
1762674128019 13.368983957219251 2500
1762674146166 13.368983957219251 2500
1762674152019 13.422459893048128 2510
1762674157316 13.475935828877006 2520
1762674162519 13.529411764705882 2530
1762674167707 13.582887700534759 2540
1762674172910 13.636363636363637 2550
1762674191053 13.636363636363637 2550
1762674196238 13.689839572192513 2560
1762674201453 13.743315508021391 2570
1762674206743 13.796791443850267 2580
1762674211970 13.850267379679144 2590
1762674217122 13.903743315508022 2600
1762674235267 13.903743315508022 2600
1762674240502 13.957219251336898 2610
1762674245690 14.010695187165775 2620
1762674250892 14.064171122994653 2630
1762674256152 14.117647058823529 2640
1762674261378 14.171122994652407 2650
1762674279540 14.171122994652407 2650
1762674284766 14.224598930481283 2660
1762674290016 14.27807486631016 2670
1762674295252 14.331550802139038 2680
1762674300400 14.385026737967914 2690
1762674305666 14.43850267379679 2700
1762674323830 14.43850267379679 2700
1762674329103 14.491978609625669 2710
1762674334263 14.545454545454545 2720
1762674339434 14.598930481283423 2730
1762674344687 14.6524064171123 2740
1762674349855 14.705882352941176 2750
1762674368013 14.705882352941176 2750
1762674373873 14.759358288770054 2760
1762674379152 14.81283422459893 2770
1762674384475 14.866310160427808 2780
1762674389663 14.919786096256685 2790
1762674394915 14.973262032085561 2800
1762674413066 14.973262032085561 2800
1762674418155 15.026737967914439 2810
1762674423404 15.080213903743315 2820
1762674428650 15.133689839572192 2830
1762674433798 15.18716577540107 2840
1762674439086 15.240641711229946 2850
1762674457232 15.240641711229946 2850
1762674462476 15.294117647058824 2860
1762674467793 15.3475935828877 2870
1762674472957 15.401069518716577 2880
1762674478275 15.454545454545455 2890
1762674483693 15.508021390374331 2900
1762674708308 15.508021390374331 2900
1762674713440 15.56149732620321 2910
1762674718621 15.614973262032086 2920
1762674723858 15.668449197860962 2930
1762674728976 15.72192513368984 2940
1762674734148 15.775401069518717 2950
1762674752225 15.775401069518717 2950
1762674757542 15.828877005347593 2960
1762674762591 15.882352941176471 2970
1762674767733 15.935828877005347 2980
1762674772875 15.989304812834224 2990
1762674778155 16.0427807486631 3000
1762674796290 16.0427807486631 3000
1762674802257 16.09625668449198 3010
1762674807656 16.149732620320854 3020
1762674812776 16.203208556149733 3030
1762674817974 16.25668449197861 3040
1762674823236 16.310160427807485 3050
1762674841366 16.310160427807485 3050
1762674846568 16.363636363636363 3060
1762674851784 16.41711229946524 3070
1762674857073 16.470588235294116 3080
1762674862314 16.524064171122994 3090
1762674867596 16.577540106951872 3100
1762674885729 16.577540106951872 3100
1762674890973 16.63101604278075 3110
1762674896247 16.684491978609625 3120
1762674901589 16.737967914438503 3130
1762674906803 16.79144385026738 3140
1762674911969 16.844919786096256 3150
1762674930094 16.844919786096256 3150
1762674935287 16.898395721925134 3160
1762674940526 16.951871657754012 3170
1762674945778 17.005347593582886 3180
1762674951002 17.058823529411764 3190
1762674956211 17.112299465240643 3200
1762674974359 17.112299465240643 3200
1762674979639 17.165775401069517 3210
1762674984902 17.219251336898395 3220
1762674990179 17.272727272727273 3230
1762674995396 17.32620320855615 3240
1762675000646 17.379679144385026 3250
1762675018774 17.379679144385026 3250
1762675024771 17.433155080213904 3260
1762675030161 17.486631016042782 3270
1762675035424 17.540106951871657 3280
1762675040628 17.593582887700535 3290
1762675045890 17.647058823529413 3300
1762675064034 17.647058823529413 3300
1762675069174 17.700534759358288 3310
1762675074471 17.754010695187166 3320
1762675079664 17.807486631016044 3330
1762675084883 17.86096256684492 3340
1762675090197 17.914438502673796 3350
1762676011439 17.914438502673796 3350
1762676016626 17.967914438502675 3360
1762676021818 18.02139037433155 3370
1762676027054 18.074866310160427 3380
1762676032375 18.128342245989305 3390
1762676037781 18.181818181818183 3400
1762676055852 18.181818181818183 3400
1762676061206 18.235294117647058 3410
1762676066508 18.288770053475936 3420
1762676071832 18.342245989304814 3430
1762676077008 18.39572192513369 3440
1762676082305 18.449197860962567 3450
1762676100448 18.449197860962567 3450
1762676105621 18.502673796791445 3460
1762676110822 18.55614973262032 3470
1762676116108 18.609625668449198 3480
1762676121156 18.663101604278076 3490
1762676126378 18.71657754010695 3500
1762676144511 18.71657754010695 3500
1762676150554 18.77005347593583 3510
1762676155604 18.823529411764707 3520
1762676160704 18.87700534759358 3530
1762676165799 18.93048128342246 3540
1762676170955 18.983957219251337 3550
1762676189090 18.983957219251337 3550
1762676194270 19.037433155080215 3560
1762676199666 19.09090909090909 3570
1762676204824 19.144385026737968 3580
1762676210047 19.197860962566846 3590
1762676215435 19.25133689839572 3600
1762676233577 19.25133689839572 3600
1762676238816 19.3048128342246 3610
1762676244081 19.358288770053477 3620
1762676249295 19.41176470588235 3630
1762676254473 19.46524064171123 3640
1762676259831 19.518716577540108 3650
1762676277966 19.518716577540108 3650
1762676283240 19.572192513368982 3660
1762676288448 19.62566844919786 3670
1762676293685 19.67914438502674 3680
1762676298829 19.732620320855617 3690
1762676303956 19.78609625668449 3700
1762676322098 19.78609625668449 3700
1762676327421 19.83957219251337 3710
1762676332664 19.893048128342247 3720
1762676337751 19.946524064171122 3730
1762676342912 20.0 3740
1762676348078 20.053475935828878 3750
1762676366213 20.053475935828878 3750
1762676372043 20.106951871657753 3760
1762676377308 20.16042780748663 3770
1762676382596 20.21390374331551 3780
1762676388021 20.267379679144383 3790
1762676393245 20.32085561497326 3800
1762676502322 20.32085561497326 3800
1762676507630 20.37433155080214 3810
1762676512840 20.427807486631018 3820
1762676518081 20.481283422459892 3830
1762676523200 20.53475935828877 3840
1762676528519 20.58823529411765 3850
1762676546588 20.58823529411765 3850
1762676551729 20.641711229946523 3860
1762676556978 20.6951871657754 3870
1762676562051 20.74866310160428 3880
1762676567199 20.802139037433154 3890
1762676572321 20.855614973262032 3900
1762676590454 20.855614973262032 3900
1762676595638 20.90909090909091 3910
1762676600865 20.962566844919785 3920
1762676606072 21.016042780748663 3930
1762676611344 21.06951871657754 3940
1762676616507 21.122994652406415 3950
1762676634647 21.122994652406415 3950
1762676639930 21.176470588235293 3960
1762676645310 21.22994652406417 3970
1762676650400 21.28342245989305 3980
1762676655727 21.336898395721924 3990
1762676661066 21.390374331550802 4000
1762676679216 21.390374331550802 4000
1762676685178 21.44385026737968 4010
1762676690344 21.497326203208555 4020
1762676695617 21.550802139037433 4030
1762676700719 21.60427807486631 4040
1762676705889 21.657754010695186 4050
1762676724037 21.657754010695186 4050
1762676729240 21.711229946524064 4060
1762676734609 21.764705882352942 4070
1762676739667 21.818181818181817 4080
1762676744811 21.871657754010695 4090
1762676750163 21.925133689839573 4100
1762676768290 21.925133689839573 4100
1762676773467 21.97860962566845 4110
1762676778619 22.032085561497325 4120
1762676783723 22.085561497326204 4130
1762676788927 22.13903743315508 4140
1762676794015 22.192513368983956 4150
1762676812177 22.192513368983956 4150
1762676817357 22.245989304812834 4160
1762676822644 22.299465240641712 4170
1762676828004 22.352941176470587 4180
1762676833211 22.406417112299465 4190
1762676838409 22.459893048128343 4200
1762676856569 22.459893048128343 4200
1762676861843 22.513368983957218 4210
1762676867096 22.566844919786096 4220
1762676872449 22.620320855614974 4230
1762676877674 22.67379679144385 4240
1762676882967 22.727272727272727 4250
1762679673502 22.727272727272727 4250
1762679679549 22.780748663101605 4260
1762679684752 22.834224598930483 4270
1762679689994 22.887700534759357 4280
1762679695136 22.941176470588236 4290
1762679700407 22.994652406417114 4300
1762679718446 22.994652406417114 4300
1762679723556 23.048128342245988 4310
1762679728676 23.101604278074866 4320
1762679733751 23.155080213903744 4330
1762679738883 23.20855614973262 4340
1762679744088 23.262032085561497 4350
1762679762209 23.262032085561497 4350
1762679767573 23.315508021390375 4360
1762679772659 23.36898395721925 4370
1762679777923 23.422459893048128 4380
1762679783233 23.475935828877006 4390
1762679788543 23.529411764705884 4400
1762679806684 23.529411764705884 4400
1762679811802 23.58288770053476 4410
1762679816970 23.636363636363637 4420
1762679822282 23.689839572192515 4430
1762679827546 23.74331550802139 4440
1762679832877 23.796791443850267 4450
1762679851021 23.796791443850267 4450
1762679856197 23.850267379679146 4460
1762679861484 23.90374331550802 4470
1762679866783 23.9572192513369 4480
1762679872016 24.010695187165776 4490
1762679877229 24.06417112299465 4500
1762679895375 24.06417112299465 4500
1762679901148 24.11764705882353 4510
1762679906225 24.171122994652407 4520
1762679911652 24.224598930481285 4530
1762679916955 24.27807486631016 4540
1762679922240 24.331550802139038 4550
1762679940380 24.331550802139038 4550
1762679945551 24.385026737967916 4560
1762679950725 24.43850267379679 4570
1762679956034 24.49197860962567 4580
1762679961340 24.545454545454547 4590
1762679966506 24.59893048128342 4600
1762679984660 24.59893048128342 4600
1762679989903 24.6524064171123 4610
1762679995255 24.705882352941178 4620
1762680000355 24.759358288770052 4630
1762680005588 24.81283422459893 4640
1762680010784 24.86631016042781 4650
1762680028941 24.86631016042781 4650
1762680034180 24.919786096256683 4660
1762680039355 24.97326203208556 4670
1762680044460 25.02673796791444 4680
1762680049639 25.080213903743317 4690
1762680054764 25.13368983957219 4700
1762680072907 25.13368983957219 4700
1762680078230 25.18716577540107 4710
1762680083426 25.240641711229948 4720
1762680088780 25.294117647058822 4730
1762680094126 25.3475935828877 4740
1762680099175 25.40106951871658 4750
1762680117326 25.40106951871658 4750
1762680123200 25.454545454545453 4760
1762680128504 25.50802139037433 4770
1762680133701 25.56149732620321 4780
1762680138863 25.614973262032084 4790
1762680144180 25.668449197860962 4800
1762680162337 25.668449197860962 4800
1762680167522 25.72192513368984 4810
1762680172791 25.775401069518715 4820
1762680178044 25.828877005347593 4830
1762680183118 25.88235294117647 4840
1762680188424 25.93582887700535 4850
1762680206566 25.93582887700535 4850
1762680211829 25.989304812834224 4860
1762680216980 26.0427807486631 4870
1762680222184 26.09625668449198 4880
1762680227449 26.149732620320854 4890
1762680232702 26.203208556149733 4900
1762680250860 26.203208556149733 4900
1762680256172 26.25668449197861 4910
1762680261241 26.310160427807485 4920
1762680266466 26.363636363636363 4930
1762680271704 26.41711229946524 4940
1762680276808 26.470588235294116 4950
1762680294952 26.470588235294116 4950
1762680300260 26.524064171122994 4960
1762680305583 26.577540106951872 4970
1762680310742 26.63101604278075 4980
1762680315909 26.684491978609625 4990
1762680321246 26.737967914438503 5000
1762680339394 26.737967914438503 5000
1762680345290 26.79144385026738 5010
1762680350550 26.844919786096256 5020
1762680355757 26.898395721925134 5030
1762680360964 26.951871657754012 5040
1762680366223 27.005347593582886 5050
1762680384375 27.005347593582886 5050
1762680389521 27.058823529411764 5060
1762680394701 27.112299465240643 5070
1762680399957 27.165775401069517 5080
1762680405262 27.219251336898395 5090
1762680410584 27.272727272727273 5100
1762680428735 27.272727272727273 5100
1762680434094 27.32620320855615 5110
1762680439331 27.379679144385026 5120
1762680444432 27.433155080213904 5130
1762680449693 27.486631016042782 5140
1762680454880 27.540106951871657 5150
1762680473044 27.540106951871657 5150
1762680478099 27.593582887700535 5160
1762680483429 27.647058823529413 5170
1762680488676 27.700534759358288 5180
1762680493918 27.754010695187166 5190
1762680499036 27.807486631016044 5200
1762680517191 27.807486631016044 5200
1762680522500 27.86096256684492 5210
1762680527701 27.914438502673796 5220
1762680532912 27.967914438502675 5230
1762680538088 28.02139037433155 5240
1762680543191 28.074866310160427 5250
1762680561337 28.074866310160427 5250
1762680567507 28.128342245989305 5260
1762680572662 28.181818181818183 5270
1762680577988 28.235294117647058 5280
1762680583184 28.288770053475936 5290
1762680588408 28.342245989304814 5300
1762680606551 28.342245989304814 5300
1762680611826 28.39572192513369 5310
1762680616991 28.449197860962567 5320
1762680622353 28.502673796791445 5330
1762680627653 28.55614973262032 5340
1762680632933 28.609625668449198 5350
1762680651065 28.609625668449198 5350
1762680656353 28.663101604278076 5360
1762680661605 28.71657754010695 5370
1762680666822 28.77005347593583 5380
1762680671972 28.823529411764707 5390
1762680677222 28.87700534759358 5400
1762680695366 28.87700534759358 5400
1762680700549 28.93048128342246 5410
1762680705886 28.983957219251337 5420
1762680710987 29.037433155080215 5430
1762680716172 29.09090909090909 5440
1762680721462 29.144385026737968 5450
1762680739610 29.144385026737968 5450
1762680744865 29.197860962566846 5460
1762680750179 29.25133689839572 5470
1762680755495 29.3048128342246 5480
1762680760634 29.358288770053477 5490
1762680765737 29.41176470588235 5500
1762680783887 29.41176470588235 5500
1762680789814 29.46524064171123 5510
1762680795193 29.518716577540108 5520
1762680800322 29.572192513368982 5530
1762680805558 29.62566844919786 5540
1762680810870 29.67914438502674 5550
1762680829006 29.67914438502674 5550
1762680834231 29.732620320855617 5560
1762680839474 29.78609625668449 5570
1762680844822 29.83957219251337 5580
1762680850046 29.893048128342247 5590
1762680855237 29.946524064171122 5600
1762680873367 29.946524064171122 5600
1762680878504 30.0 5610
1762680879202 30.0 5610
