1762669937791 3.283325672149658 10
1762669942999 2.1800148487091064 20
1762669948150 2.4083967208862305 30
1762669953629 2.1047606468200684 40
1762669958899 2.714632272720337 50
1762669982461 2.1938459873199463 60
1762669987608 1.0171645879745483 70
1762669992796 0.7224130034446716 80
1762669998003 0.5718852281570435 90
1762670003187 0.5107040405273438 100
1762670026560 0.5890193581581116 110
1762670031839 0.45114612579345703 120
1762670037136 0.4758448004722595 130
1762670042398 0.5829203128814697 140
1762670047480 0.651244044303894 150
1762670071018 0.5153290033340454 160
1762670076279 0.707583487033844 170
1762670081605 0.7601020932197571 180
1762670086760 0.5578652024269104 190
1762670091797 0.5145108103752136 200
1762670115201 0.5499445199966431 210
1762670120490 0.8042598962783813 220
1762670125693 0.6045957803726196 230
1762670131015 0.5986641645431519 240
1762670136217 0.554458737373352 250
1762670160248 0.7965030074119568 260
1762670165696 0.6751154661178589 270
1762670170944 0.7116690874099731 280
1762670175905 0.6264187693595886 290
1762670181241 0.7917382717132568 300
1762670204554 0.7095369100570679 310
1762670209929 0.5002062320709229 320
1762670215179 0.7323158383369446 330
1762670220443 0.6082211136817932 340
1762670225601 0.7443533539772034 350
1762670248958 0.5830827355384827 360
1762670254099 0.7083277106285095 370
1762670259240 0.9535456299781799 380
1762670264513 0.6277796626091003 390
1762670269686 0.6992497444152832 400
1762670293134 0.5555159449577332 410
1762670298250 0.6217595934867859 420
1762670303447 0.5319112539291382 430
1762670308655 0.8442519307136536 440
1762670313932 0.5873973965644836 450
1762670337419 0.7138278484344482 460
1762670342718 0.749683141708374 470
1762670348027 0.7977749705314636 480
1762670353251 0.5678648948669434 490
1762670358454 0.6867682337760925 500
1762670382679 0.5521066784858704 510
1762670387738 0.8225554823875427 520
1762670392996 0.5528908967971802 530
1762670398144 0.5708441734313965 540
1762670403333 0.5196805000305176 550
1762670426773 0.562416672706604 560
1762670431854 0.49258023500442505 570
1762670437116 0.7687038779258728 580
1762670442325 0.5901657342910767 590
1762670447471 0.6385886073112488 600
1762670471026 0.5781542658805847 610
1762670476290 0.5501432418823242 620
1762670481542 0.5898871421813965 630
1762670486839 0.4889133870601654 640
1762670491965 0.7529610991477966 650
1762670515354 0.40967488288879395 660
1762670520556 0.5078420639038086 670
1762670525866 0.6898110508918762 680
1762670531104 0.5512991547584534 690
1762670536277 0.6103642582893372 700
1762670559717 0.662297248840332 710
1762670564971 0.4900294244289398 720
1762670570237 0.5948249697685242 730
1762670575256 0.7528088688850403 740
1762670580530 0.492679238319397 750
1762670604710 0.6606374979019165 760
1762670609948 0.49381306767463684 770
1762670615324 0.4979942739009857 780
1762670620625 0.6139129996299744 790
1762670625857 1.3954273462295532 800
1762670649240 0.43020734190940857 810
1762670654414 0.698862612247467 820
1762670659617 0.790290355682373 830
1762670664792 0.41978877782821655 840
1762670670010 0.6135868430137634 850
1762670693377 0.4774908125400543 860
1762670698605 0.46521177887916565 870
1762670703908 0.5585591793060303 880
1762670709099 0.4045991599559784 890
1762670714252 0.5289575457572937 900
1762670737607 0.4845462739467621 910
1762670742711 0.6179749965667725 920
1762670747947 0.6027323007583618 930
1762670753225 0.6056031584739685 940
1762670758415 0.47614187002182007 950
1762671347874 0.6895097494125366 960
1762671353175 0.440965861082077 970
1762671358416 0.54584139585495 980
1762671363694 0.41743794083595276 990
1762671368971 0.47472456097602844 1000
1762671393022 0.4530627131462097 1010
1762671398403 0.5489158034324646 1020
1762671403603 0.38929039239883423 1030
1762671408734 0.4555196166038513 1040
1762671413978 0.5789350867271423 1050
1762671437206 0.5208619832992554 1060
1762671442421 0.6919715404510498 1070
1762671447572 0.6817469000816345 1080
1762671452846 0.6188998818397522 1090
1762671458180 0.3844410181045532 1100
1762671481657 0.5936185121536255 1110
1762671486789 0.5337597727775574 1120
1762671491997 0.5369367599487305 1130
1762671497225 0.7259343266487122 1140
1762671502494 0.49938368797302246 1150
1762671525930 0.5196175575256348 1160
1762671531210 0.6965259909629822 1170
1762671536597 0.7976529002189636 1180
1762671541901 0.7321521043777466 1190
1762671547266 0.4740317463874817 1200
1762671570657 0.6252328157424927 1210
1762671575686 0.5925890803337097 1220
1762671580930 0.514691948890686 1230
1762671586198 0.5386974215507507 1240
1762671591345 0.544334888458252 1250
1762671615347 0.654248058795929 1260
1762671620447 0.5794841051101685 1270
1762671625658 0.5906236171722412 1280
1762671630871 0.46112483739852905 1290
1762671636019 0.7063367962837219 1300
1762671659287 0.43816620111465454 1310
1762671664577 0.5747588872909546 1320
1762671669835 0.43974873423576355 1330
1762671674887 0.6578624844551086 1340
1762671680109 0.5140908360481262 1350
1762671703613 0.5331025719642639 1360
1762671708744 0.5643841028213501 1370
1762671713977 0.6841467022895813 1380
1762671719190 0.6176227331161499 1390
1762671724450 0.5093048214912415 1400
1762672175385 0.6013830304145813 1410
1762672180634 0.5316761136054993 1420
1762672185896 0.5063560009002686 1430
1762672191190 0.6256189346313477 1440
1762672196331 0.7380242347717285 1450
1762672219653 0.538925290107727 1460
1762672224947 0.5132027268409729 1470
1762672230037 0.5152612924575806 1480
1762672235319 0.5962227582931519 1490
1762672240405 0.49020734429359436 1500
1762672264543 0.5055522322654724 1510
1762672269811 0.47304409742355347 1520
1762672275032 0.6681064367294312 1530
1762672280241 0.41729289293289185 1540
1762672285426 0.5601480007171631 1550
1762672308782 1.1274540424346924 1560
1762672314141 0.483745813369751 1570
1762672319506 0.5388238430023193 1580
1762672324795 0.8191317915916443 1590
1762672330082 0.6016179323196411 1600
1762672353351 0.5328958630561829 1610
1762672358732 0.3628212809562683 1620
1762672363796 0.46362489461898804 1630
1762672369049 0.7375031113624573 1640
1762672374253 0.6480286717414856 1650
1762672397652 0.5732679963111877 1660
1762672402811 0.5930513739585876 1670
1762672408098 0.5186262130737305 1680
1762672413212 0.4384893476963043 1690
1762672418468 0.48748722672462463 1700
1762672441705 0.8137220144271851 1710
1762672446969 0.5050725936889648 1720
1762672452196 0.6002686619758606 1730
1762672457327 0.5246023535728455 1740
1762672462566 0.4294295907020569 1750
1762672486776 0.3347056806087494 1760
1762672492138 0.5254886746406555 1770
1762672497358 0.9691514372825623 1780
1762672502598 0.43214017152786255 1790
1762672507673 0.47888481616973877 1800
1762672531088 0.5585734844207764 1810
1762672536289 0.38293981552124023 1820
1762672541591 0.4497532546520233 1830
1762672547005 0.5126321911811829 1840
1762672552244 0.556156575679779 1850
1762672763010 0.47705045342445374 1860
1762672768170 0.6500622630119324 1870
1762672773461 0.48826372623443604 1880
1762672778801 0.4990442991256714 1890
1762672783964 0.6603550910949707 1900
1762672807175 0.6320798993110657 1910
1762672812484 0.5644872188568115 1920
1762672817741 0.37701913714408875 1930
1762672822883 0.48465144634246826 1940
1762672828070 0.5430217385292053 1950
1762672851462 0.4729505777359009 1960
1762672856720 0.6055485606193542 1970
1762672861968 0.664280891418457 1980
1762672867146 0.6254386305809021 1990
1762672872481 0.6261369585990906 2000
1762672896483 0.4923328757286072 2010
1762672901740 0.5945582389831543 2020
1762672906878 0.7625507712364197 2030
1762672912208 0.6380726099014282 2040
1762672917392 0.4249716103076935 2050
1762672940862 0.6076473593711853 2060
1762672945993 0.5555800199508667 2070
1762672951229 0.42705804109573364 2080
1762672956515 0.7118380665779114 2090
1762672961744 0.5078176259994507 2100
1762672985203 0.5962579250335693 2110
1762672990439 0.5114425420761108 2120
1762672995699 0.4958414137363434 2130
1762673000961 0.5863155126571655 2140
1762673006283 0.6930542588233948 2150
1762673029584 0.5858390927314758 2160
1762673034851 0.5207645893096924 2170
1762673040038 0.4690892696380615 2180
1762673045191 0.4492121636867523 2190
1762673050392 0.5434810519218445 2200
1762673073961 0.45054134726524353 2210
1762673079068 0.5907034873962402 2220
1762673084453 0.6168996095657349 2230
1762673089745 0.7975778579711914 2240
1762673094968 0.34131312370300293 2250
1762673930200 0.542654812335968 2260
1762673935373 0.47081851959228516 2270
1762673940645 0.6445429921150208 2280
1762673945797 0.6659797430038452 2290
1762673951172 0.4496281147003174 2300
1762673974440 0.5998185873031616 2310
1762673979583 0.4870107173919678 2320
1762673984952 0.4826706051826477 2330
1762673990201 0.6720719337463379 2340
1762673995485 0.6716940999031067 2350
1762674018702 0.4706888198852539 2360
1762674024007 0.5855955481529236 2370
1762674029159 0.49677661061286926 2380
1762674034392 0.6554521918296814 2390
1762674039767 0.4356473684310913 2400
1762674063053 0.5463497638702393 2410
1762674068120 0.47060534358024597 2420
1762674073298 0.5420783162117004 2430
1762674078544 0.6921862363815308 2440
1762674083715 0.40217721462249756 2450
1762674107047 0.5089020729064941 2460
1762674112364 0.5622522234916687 2470
1762674117558 0.5079298615455627 2480
1762674122808 0.3820432126522064 2490
1762674128019 0.5846248269081116 2500
1762674152019 0.44089189171791077 2510
1762674157316 0.5486210584640503 2520
1762674162519 0.5096322894096375 2530
1762674167707 0.5286121368408203 2540
1762674172910 0.5221330523490906 2550
1762674196238 0.43741264939308167 2560
1762674201453 0.5944831371307373 2570
1762674206743 0.48952344059944153 2580
1762674211970 0.41526561975479126 2590
1762674217122 0.5133541226387024 2600
1762674240502 0.812167763710022 2610
1762674245690 0.3925967216491699 2620
1762674250892 0.4427560865879059 2630
1762674256152 0.5472636818885803 2640
1762674261378 0.5815368294715881 2650
1762674284766 0.4034491181373596 2660
1762674290016 0.4769308567047119 2670
1762674295252 0.36201030015945435 2680
1762674300400 0.6184802055358887 2690
1762674305666 0.565325915813446 2700
1762674329103 0.6307143568992615 2710
1762674334263 0.477398157119751 2720
1762674339434 0.4833916425704956 2730
1762674344687 0.4334278404712677 2740
1762674349855 0.5356667041778564 2750
1762674373873 0.5650615096092224 2760
1762674379152 0.6547544002532959 2770
1762674384475 0.5874168276786804 2780
1762674389663 0.6061210036277771 2790
1762674394915 0.6363534927368164 2800
1762674418155 0.43664848804473877 2810
1762674423404 0.6166337728500366 2820
1762674428650 0.4874536693096161 2830
1762674433798 0.3779289424419403 2840
1762674439086 0.5141209363937378 2850
1762674462476 0.5686572790145874 2860
1762674467793 0.5287991762161255 2870
1762674472957 0.4635287821292877 2880
1762674478275 0.49384987354278564 2890
1762674483693 0.6469703316688538 2900
1762674713440 0.3602614104747772 2910
1762674718621 0.539107084274292 2920
1762674723858 0.5485482215881348 2930
1762674728976 0.5813380479812622 2940
1762674734148 0.555046796798706 2950
1762674757542 0.5710952877998352 2960
1762674762591 0.513363778591156 2970
1762674767733 0.5122492909431458 2980
1762674772875 0.5921923518180847 2990
1762674778155 0.4755276143550873 3000
1762674802257 0.4918195605278015 3010
1762674807656 0.698715090751648 3020
1762674812776 0.5032036900520325 3030
1762674817974 0.541616678237915 3040
1762674823236 0.5851917862892151 3050
1762674846568 0.9201275110244751 3060
1762674851784 0.550620436668396 3070
1762674857073 0.5178805589675903 3080
1762674862314 0.5355777740478516 3090
1762674867596 0.6876192688941956 3100
1762674890973 0.5026330947875977 3110
1762674896247 0.6188579797744751 3120
1762674901589 0.5539038777351379 3130
1762674906803 0.5212616920471191 3140
1762674911969 0.4334636926651001 3150
1762674935287 0.5074911713600159 3160
1762674940526 0.5029962062835693 3170
1762674945778 0.5929327607154846 3180
1762674951002 0.5525946617126465 3190
1762674956211 0.4030914306640625 3200
1762674979639 0.7614586353302002 3210
1762674984902 0.6073176264762878 3220
1762674990179 0.4693341553211212 3230
1762674995396 0.41233640909194946 3240
1762675000646 0.46104374527931213 3250
1762675024771 0.5247700214385986 3260
1762675030161 0.4698381721973419 3270
1762675035424 0.4589022397994995 3280
1762675040628 0.4347771406173706 3290
1762675045890 0.514955461025238 3300
1762675069174 0.6390187740325928 3310
1762675074471 0.6902598738670349 3320
1762675079664 0.4592614471912384 3330
1762675084883 0.5401692390441895 3340
1762675090197 0.439750999212265 3350
1762676016626 0.5338757038116455 3360
1762676021818 0.5561902523040771 3370
1762676027054 0.48544833064079285 3380
1762676032375 0.5085533261299133 3390
1762676037781 0.4794844686985016 3400
1762676061206 0.5215572714805603 3410
1762676066508 0.5659964084625244 3420
1762676071832 0.5724108815193176 3430
1762676077008 0.466394305229187 3440
1762676082305 0.5599781274795532 3450
1762676105621 0.6857694983482361 3460
1762676110822 0.5291039943695068 3470
1762676116108 0.6106278896331787 3480
1762676121156 0.38055548071861267 3490
1762676126378 0.6511898636817932 3500
1762676150554 0.49488726258277893 3510
1762676155604 0.5909850597381592 3520
1762676160704 0.5434027910232544 3530
1762676165799 0.5015177726745605 3540
1762676170955 0.5709828734397888 3550
1762676194270 0.5039265155792236 3560
1762676199666 0.6377124786376953 3570
1762676204824 0.5099882483482361 3580
1762676210047 0.6874752044677734 3590
1762676215435 0.47072479128837585 3600
1762676238816 0.4645094573497772 3610
1762676244081 0.5296145081520081 3620
1762676249295 0.5126981735229492 3630
1762676254473 0.6948400735855103 3640
1762676259831 0.5051009058952332 3650
1762676283240 0.47751566767692566 3660
1762676288448 0.5881028175354004 3670
1762676293685 0.49065038561820984 3680
1762676298829 0.7600656747817993 3690
1762676303956 0.546550452709198 3700
1762676327421 0.4624245762825012 3710
1762676332664 0.5842090249061584 3720
1762676337751 0.4469362497329712 3730
1762676342912 0.6804556250572205 3740
1762676348078 0.5027909278869629 3750
1762676372043 0.5144848227500916 3760
1762676377308 0.5131171345710754 3770
1762676382596 0.6007681488990784 3780
1762676388021 0.4921785891056061 3790
1762676393245 0.5305063128471375 3800
1762676507630 0.547012984752655 3810
1762676512840 0.5307894349098206 3820
1762676518081 0.552173912525177 3830
1762676523200 0.4877101182937622 3840
1762676528519 0.507739245891571 3850
1762676551729 0.597282886505127 3860
1762676556978 0.6777546405792236 3870
1762676562051 0.5304720401763916 3880
1762676567199 0.5234053730964661 3890
1762676572321 0.5099808573722839 3900
1762676595638 0.4968421757221222 3910
1762676600865 0.6962135434150696 3920
1762676606072 0.4434565007686615 3930
1762676611344 0.6816164255142212 3940
1762676616507 0.5968499183654785 3950
1762676639930 0.4227246046066284 3960
1762676645310 0.5709067583084106 3970
1762676650400 0.571648120880127 3980
1762676655727 0.5548853278160095 3990
1762676661066 0.4634067714214325 4000
1762676685178 0.36511194705963135 4010
1762676690344 0.5132117867469788 4020
1762676695617 0.6045858263969421 4030
1762676700719 0.505405604839325 4040
1762676705889 0.49917536973953247 4050
1762676729240 0.5381953120231628 4060
1762676734609 0.6611905694007874 4070
1762676739667 0.46315494179725647 4080
1762676744811 0.5257587432861328 4090
1762676750163 0.589469850063324 4100
1762676773467 0.49663665890693665 4110
1762676778619 0.5273729562759399 4120
1762676783723 0.4777398407459259 4130
1762676788927 0.4507754147052765 4140
1762676794015 0.8687095642089844 4150
1762676817357 0.4270438551902771 4160
1762676822644 0.5333545804023743 4170
1762676828004 0.47794008255004883 4180
1762676833211 0.6164976954460144 4190
1762676838409 0.4939861297607422 4200
1762676861843 0.6265471577644348 4210
1762676867096 0.6058324575424194 4220
1762676872449 0.5781769752502441 4230
1762676877674 0.7511709928512573 4240
1762676882967 0.5205879807472229 4250
1762679679549 0.47275641560554504 4260
1762679684752 0.49769604206085205 4270
1762679689994 0.610727846622467 4280
1762679695136 0.4921133816242218 4290
1762679700407 0.644597053527832 4300
1762679723556 0.423481822013855 4310
1762679728676 0.527051568031311 4320
1762679733751 0.5993244051933289 4330
1762679738883 0.430899053812027 4340
1762679744088 0.7013428807258606 4350
1762679767573 0.4680214822292328 4360
1762679772659 0.4284995496273041 4370
1762679777923 0.5958523154258728 4380
1762679783233 0.4618002772331238 4390
1762679788543 0.46688005328178406 4400
1762679811802 0.4701862633228302 4410
1762679816970 0.5553410649299622 4420
1762679822282 0.7063952088356018 4430
1762679827546 0.5103248953819275 4440
1762679832877 0.5122348666191101 4450
1762679856197 0.5367244482040405 4460
1762679861484 0.5610073804855347 4470
1762679866783 0.557497501373291 4480
1762679872016 0.46499496698379517 4490
1762679877229 0.6369383931159973 4500
1762679901148 0.5428975224494934 4510
1762679906225 0.6314590573310852 4520
1762679911652 0.566692590713501 4530
1762679916955 0.7514941692352295 4540
1762679922240 0.6497319936752319 4550
1762679945551 0.42636817693710327 4560
1762679950725 0.48574528098106384 4570
1762679956034 0.5185430645942688 4580
1762679961340 0.46722790598869324 4590
1762679966506 0.6007744073867798 4600
1762679989903 0.4750533103942871 4610
1762679995255 0.46858617663383484 4620
1762680000355 0.48383334279060364 4630
1762680005588 0.5607461333274841 4640
1762680010784 0.47002771496772766 4650
1762680034180 0.5271747708320618 4660
1762680039355 0.6348990201950073 4670
1762680044460 0.755878210067749 4680
1762680049639 0.577502429485321 4690
1762680054764 0.4485050439834595 4700
1762680078230 0.397610604763031 4710
1762680083426 0.571760892868042 4720
1762680088780 0.4755563735961914 4730
1762680094126 0.5375144481658936 4740
1762680099175 0.468888521194458 4750
1762680123200 0.6325528025627136 4760
1762680128504 0.5669470429420471 4770
1762680133701 0.947208821773529 4780
1762680138863 0.4999440014362335 4790
1762680144180 0.42523008584976196 4800
1762680167522 0.5169467329978943 4810
1762680172791 0.5520110130310059 4820
1762680178044 0.5628241300582886 4830
1762680183118 0.49701204895973206 4840
1762680188424 0.4761109948158264 4850
1762680211829 0.5684149861335754 4860
1762680216980 0.39676037430763245 4870
1762680222184 0.4761746823787689 4880
1762680227449 0.5160579681396484 4890
1762680232702 0.5216158032417297 4900
1762680256172 0.41735848784446716 4910
1762680261241 0.596299409866333 4920
1762680266466 0.5968995690345764 4930
1762680271704 0.6196342706680298 4940
1762680276808 0.4392451047897339 4950
1762680300260 0.4674198627471924 4960
1762680305583 0.5845799446105957 4970
1762680310742 0.5035313367843628 4980
1762680315909 0.5418110489845276 4990
1762680321246 0.5403290390968323 5000
1762680345290 0.6272411942481995 5010
1762680350550 0.4453200399875641 5020
1762680355757 0.5701194405555725 5030
1762680360964 0.5035550594329834 5040
1762680366223 0.4916343688964844 5050
1762680389521 0.5388747453689575 5060
1762680394701 0.5719457864761353 5070
1762680399957 0.42253902554512024 5080
1762680405262 0.6044393181800842 5090
1762680410584 0.5248404741287231 5100
1762680434094 0.5865933299064636 5110
1762680439331 0.6234582662582397 5120
1762680444432 0.4529764950275421 5130
1762680449693 0.559635579586029 5140
1762680454880 0.49350008368492126 5150
1762680478099 0.46009713411331177 5160
1762680483429 0.5354319214820862 5170
1762680488676 0.528022289276123 5180
1762680493918 0.451815128326416 5190
1762680499036 0.5421960949897766 5200
1762680522500 0.7271072268486023 5210
1762680527701 0.49455124139785767 5220
1762680532912 0.4740665555000305 5230
1762680538088 0.4147816300392151 5240
1762680543191 0.5185971856117249 5250
1762680567507 0.5415895581245422 5260
1762680572662 0.4281977415084839 5270
1762680577988 0.5827922821044922 5280
1762680583184 0.5133806467056274 5290
1762680588408 0.6223531365394592 5300
1762680611826 0.5738677978515625 5310
1762680616991 0.5043096542358398 5320
1762680622353 0.5524836778640747 5330
1762680627653 0.6123613715171814 5340
1762680632933 0.5243621468544006 5350
1762680656353 0.6165222525596619 5360
1762680661605 0.5220438838005066 5370
1762680666822 0.49859678745269775 5380
1762680671972 0.45628640055656433 5390
1762680677222 0.4813053011894226 5400
1762680700549 0.5111141204833984 5410
1762680705886 0.4362622797489166 5420
1762680710987 0.6665186285972595 5430
1762680716172 0.5685321688652039 5440
1762680721462 0.5814793705940247 5450
1762680744865 0.49694401025772095 5460
1762680750179 0.4756595492362976 5470
1762680755495 0.6214284300804138 5480
1762680760634 0.5506399273872375 5490
1762680765737 0.4586729109287262 5500
1762680789814 0.6355807185173035 5510
1762680795193 0.4272990822792053 5520
1762680800322 0.4856148958206177 5530
1762680805558 0.531549870967865 5540
1762680810870 0.4705192744731903 5550
1762680834231 0.4709349274635315 5560
1762680839474 0.4376889169216156 5570
1762680844822 0.598465621471405 5580
1762680850046 0.45391780138015747 5590
1762680855237 0.4638582766056061 5600
1762680878504 0.5178897380828857 5610
