1762669937791 4.9999608002857744e-05 10
1762669942999 4.9998432023723915e-05 20
1762669948150 4.9996472099476943e-05 30
1762669953629 4.999372829157962e-05 40
1762669958899 4.999020068607712e-05 50
1762669982461 4.9985889393594345e-05 60
1762669987608 4.998079454933244e-05 70
1762669992796 4.997491631306458e-05 80
1762669998003 4.996825486913088e-05 90
1762670003187 4.996081042643271e-05 100
1762670026560 4.995258321842611e-05 110
1762670031839 4.99435735031144e-05 120
1762670037136 4.9933781563040236e-05 130
1762670042398 4.99232077052766e-05 140
1762670047480 4.991185226141725e-05 150
1762670071018 4.989971558756632e-05 160
1762670076279 4.988679806432712e-05 170
1762670081605 4.9873100096790226e-05 180
1762670086760 4.985862211452077e-05 190
1762670091797 4.984336457154497e-05 200
1762670115201 4.9827327946335875e-05 210
1762670120490 4.98105127417984e-05 220
1762670125693 4.9792919485253494e-05 230
1762670131015 4.977454872842169e-05 240
1762670136217 4.9755401047405694e-05 250
1762670160248 4.973547704267242e-05 260
1762670165696 4.97147773390341e-05 270
1762670170944 4.96933025856287e-05 280
1762670175905 4.9671053455899584e-05 290
1762670181241 4.964803064757438e-05 300
1762670204554 4.9624234882643084e-05 310
1762670209929 4.959966690733544e-05 320
1762670215179 4.957432749209755e-05 330
1762670220443 4.9548217431567665e-05 340
1762670225601 4.952133754455134e-05 350
1762670248958 4.949368867399567e-05 360
1762670254099 4.94652716869629e-05 370
1762670259240 4.943608747460328e-05 380
1762670264513 4.9406136952127015e-05 390
1762670269686 4.937542105877564e-05 400
1762670293134 4.934394075779256e-05 410
1762670298250 4.931169703639282e-05 420
1762670303447 4.927869090573214e-05 430
1762670308655 4.9244923400875245e-05 440
1762670313932 4.921039558076335e-05 450
1762670337419 4.9175108528181e-05 460
1762670342718 4.9139063349722113e-05 470
1762670348027 4.910226117575524e-05 480
1762670353251 4.906470316038814e-05 490
1762670358454 4.902639048143159e-05 500
1762670382679 4.898732434036244e-05 510
1762670387738 4.894750596228594e-05 520
1762670392996 4.890693659589733e-05 530
1762670398144 4.886561751344266e-05 540
1762670403333 4.882355001067892e-05 550
1762670426773 4.878073540683336e-05 560
1762670431854 4.873717504456219e-05 570
1762670437116 4.869287028990839e-05 580
1762670442325 4.8647822532258955e-05 590
1762670447471 4.860203318430126e-05 600
1762670471026 4.855550368197879e-05 610
1762670476290 4.8508235484446095e-05 620
1762670481542 4.846023007402305e-05 630
1762670486839 4.8411488956148344e-05 640
1762670491965 4.8362013659332294e-05 650
1762670515354 4.8311805735108894e-05 660
1762670520556 4.8260866757987177e-05 670
1762670525866 4.8209198325401815e-05 680
1762670531104 4.815680205766304e-05 690
1762670536277 4.810367959790584e-05 700
1762670559717 4.8049832612038384e-05 710
1762670564971 4.799526278868987e-05 720
1762670570237 4.793997183915745e-05 730
1762670575256 4.7883961497352686e-05 740
1762670580530 4.7827233519747086e-05 750
1762670604710 4.7769789685317045e-05 760
1762670609948 4.7711631795488096e-05 770
1762670615324 4.765276167407835e-05 780
1762670620625 4.759318116724138e-05 790
1762670625857 4.753289214340824e-05 800
1762670649240 4.747189649322894e-05 810
1762670654414 4.741019612951312e-05 820
1762670659617 4.734779298717009e-05 830
1762670664792 4.728468902314812e-05 840
1762670670010 4.722088621637309e-05 850
1762670693377 4.7156386567686445e-05 860
1762670698605 4.709119209978242e-05 870
1762670703908 4.702530485714461e-05 880
1762670709099 4.6958726905981906e-05 890
1762670714252 4.689146033416362e-05 900
1762670737607 4.682350725115407e-05 910
1762670742711 4.6754869787946386e-05 920
1762670747947 4.6685550096995744e-05 930
1762670753225 4.6615550352151804e-05 940
1762670758415 4.6544872748590553e-05 950
1762671347874 4.6473519502745476e-05 960
1762671353175 4.640149285223806e-05 970
1762671358416 4.6328795055807595e-05 980
1762671363694 4.625542839324036e-05 990
1762671368971 4.618139516529811e-05 1000
1762671393022 4.6106697693645955e-05 1010
1762671398403 4.6031338320779534e-05 1020
1762671403603 4.595531940995154e-05 1030
1762671408734 4.5878643345097644e-05 1040
1762671413978 4.580131253076171e-05 1050
1762671437206 4.5723329392020396e-05 1060
1762671442421 4.5644696374407105e-05 1070
1762671447572 4.5565415943835285e-05 1080
1762671452846 4.5485490586521116e-05 1090
1762671458180 4.540492280890555e-05 1100
1762671481657 4.532371513757564e-05 1110
1762671486789 4.5241870119185426e-05 1120
1762671491997 4.515939032037595e-05 1130
1762671497225 4.507627832769486e-05 1140
1762671502494 4.4992536747515234e-05 1150
1762671525930 4.49081682059539e-05 1160
1762671531210 4.482317534878901e-05 1170
1762671536597 4.4737560841377146e-05 1180
1762671541901 4.465132736856969e-05 1190
1762671547266 4.456447763462863e-05 1200
1762671570657 4.447701436314176e-05 1210
1762671575686 4.43889402969373e-05 1220
1762671580930 4.43002581979978e-05 1230
1762671586198 4.4210970847373636e-05 1240
1762671591345 4.412108104509569e-05 1250
1762671615347 4.4030591610087624e-05 1260
1762671620447 4.393950538007743e-05 1270
1762671625658 4.3847825211508456e-05 1280
1762671630871 4.375555397944983e-05 1290
1762671636019 4.3662694577506286e-05 1300
1762671659287 4.356924991772745e-05 1310
1762671664577 4.347522293051648e-05 1320
1762671669835 4.338061656453821e-05 1330
1762671674887 4.328543378662664e-05 1340
1762671680109 4.318967758169192e-05 1350
1762671703613 4.309335095262676e-05 1360
1762671708744 4.299645692021221e-05 1370
1762671713977 4.289899852302298e-05 1380
1762671719190 4.2800978817332136e-05 1390
1762671724450 4.270240087701522e-05 1400
1762672175385 4.260326779345393e-05 1410
1762672180634 4.250358267543907e-05 1420
1762672185896 4.2403348649073174e-05 1430
1762672191190 4.2302568857672375e-05 1440
1762672196331 4.220124646166791e-05 1450
1762672219653 4.209938463850695e-05 1460
1762672224947 4.199698658255298e-05 1470
1762672230037 4.189405550498561e-05 1480
1762672235319 4.1790594633699917e-05 1490
1762672240405 4.168660721320517e-05 1500
1762672264543 4.1582096504523105e-05 1510
1762672269811 4.1477065785085634e-05 1520
1762672275032 4.137151834863213e-05 1530
1762672280241 4.126545750510605e-05 1540
1762672285426 4.1158886580551224e-05 1550
1762672308782 4.105180891700746e-05 1560
1762672314141 4.094422787240581e-05 1570
1762672319506 4.083614682046324e-05 1580
1762672324795 4.072756915057683e-05 1590
1762672330082 4.0618498267717494e-05 1600
1762672353351 4.050893759232317e-05 1610
1762672358732 4.039889056019159e-05 1620
1762672363796 4.028836062237254e-05 1630
1762672369049 4.017735124505958e-05 1640
1762672374253 4.0065865909481417e-05 1650
1762672397652 3.995390811179267e-05 1660
1762672402811 3.984148136296431e-05 1670
1762672408098 3.972858918867344e-05 1680
1762672413212 3.961523512919286e-05 1690
1762672418468 3.9501422739279956e-05 1700
1762672441705 3.938715558806525e-05 1710
1762672446969 3.9272437258940494e-05 1720
1762672452196 3.9157271349446254e-05 1730
1762672457327 3.904166147115912e-05 1740
1762672462566 3.892561124957844e-05 1750
1762672486776 3.880912432401265e-05 1760
1762672492138 3.869220434746509e-05 1770
1762672497358 3.857485498651949e-05 1780
1762672502598 3.8457079921224994e-05 1790
1762672507673 3.833888284498071e-05 1800
1762672531088 3.8220267464419946e-05 1810
1762672536289 3.81012374992939e-05 1820
1762672541591 3.798179668235508e-05 1830
1762672547005 3.786194875924019e-05 1840
1762672552244 3.774169748835269e-05 1850
1762672763010 3.7621046640744975e-05 1860
1762672768170 3.7500000000000003e-05 1870
1762672773461 3.737856136211279e-05 1880
1762672778801 3.7256734535371225e-05 1890
1762672783964 3.713452334023676e-05 1900
1762672807175 3.7011931609224546e-05 1910
1762672812484 3.6888963186783224e-05 1920
1762672817741 3.67656219291744e-05 1930
1762672822883 3.6641911704351734e-05 1940
1762672828070 3.6517836391839586e-05 1950
1762672851462 3.6393399882611394e-05 1960
1762672856720 3.626860607896764e-05 1970
1762672861968 3.6143458894413465e-05 1980
1762672867146 3.6017962253535964e-05 1990
1762672872481 3.589212009188112e-05 2000
1762672896483 3.5765936355830356e-05 2010
1762672901740 3.563941500247676e-05 2020
1762672906878 3.5512559999501064e-05 2030
1762672912208 3.5385375325047166e-05 2040
1762672917392 3.525786496759736e-05 2050
1762672940862 3.5130032925847335e-05 2060
1762672945993 3.5001883208580665e-05 2070
1762672951229 3.4873419834543205e-05 2080
1762672956515 3.474464683231698e-05 2090
1762672961744 3.461556824019392e-05 2100
1762672985203 3.448618810604916e-05 2110
1762672990439 3.43565104872141e-05 2120
1762672995699 3.422653945034925e-05 2130
1762673000961 3.4096279071316606e-05 2140
1762673006283 3.3965733435051866e-05 2150
1762673029584 3.383490663543635e-05 2160
1762673034851 3.370380277516858e-05 2170
1762673040038 3.357242596563563e-05 2180
1762673045191 3.344078032678422e-05 2190
1762673050392 3.330886998699149e-05 2200
1762673073961 3.3176699082935545e-05 2210
1762673079068 3.30442717594657e-05 2220
1762673084453 3.2911592169472566e-05 2230
1762673089745 3.277866447375774e-05 2240
1762673094968 3.264549284090336e-05 2250
1762673930200 3.2512081447141406e-05 2260
1762673935373 3.2378434476222666e-05 2270
1762673940645 3.2244556119285616e-05 2280
1762673945797 3.211045057472491e-05 2290
1762673951172 3.197612204805976e-05 2300
1762673974440 3.1841574751802076e-05 2310
1762673979583 3.1706812905324276e-05 2320
1762673984952 3.157184073472709e-05 2330
1762673990201 3.1436662472706895e-05 2340
1762673995485 3.130128235842311e-05 2350
1762674018702 3.1165704637365164e-05 2360
1762674024007 3.1029933561219375e-05 2370
1762674029159 3.0893973387735687e-05 2380
1762674034392 3.075782838059402e-05 2390
1762674039767 3.06215028092707e-05 2400
1762674063053 3.0485000948904462e-05 2410
1762674068120 3.0348327080162435e-05 2420
1762674073298 3.0211485489105917e-05 2430
1762674078544 3.0074480467055905e-05 2440
1762674083715 2.9937316310458574e-05 2450
1762674107047 2.9799997320750507e-05 2460
1762674112364 2.9662527804223827e-05 2470
1762674117558 2.9524912071891164e-05 2480
1762674122808 2.9387154439350406e-05 2490
1762674128019 2.9249259226649417e-05 2500
1762674152019 2.9111230758150543e-05 2510
1762674157316 2.8973073362394998e-05 2520
1762674162519 2.8834791371967142e-05 2530
1762674167707 2.8696389123358553e-05 2540
1762674172910 2.8557870956832132e-05 2550
1762674196238 2.8419241216285902e-05 2560
1762674201453 2.828050424911683e-05 2570
1762674206743 2.8141664406084495e-05 2580
1762674211970 2.800272604117463e-05 2590
1762674217122 2.7863693511462603e-05 2600
1762674240502 2.7724571176976732e-05 2610
1762674245690 2.7585363400561658e-05 2620
1762674250892 2.7446074547741408e-05 2630
1762674256152 2.7306708986582553e-05 2640
1762674261378 2.7167271087557244e-05 2650
1762674284766 2.70277652234061e-05 2660
1762674290016 2.6888195769001146e-05 2670
1762674295252 2.6748567101208548e-05 2680
1762674300400 2.660888359875141e-05 2690
1762674305666 2.646914964207245e-05 2700
1762674329103 2.6329369613196574e-05 2710
1762674334263 2.6189547895593562e-05 2720
1762674339434 2.604968887404049e-05 2730
1762674344687 2.5909796934484308e-05 2740
1762674349855 2.5769876463904265e-05 2750
1762674373873 2.562993185017431e-05 2760
1762674379152 2.548996748192556e-05 2770
1762674384475 2.534998774840859e-05 2780
1762674389663 2.5209997039355837e-05 2790
1762674394915 2.5069999744843948e-05 2800
1762674418155 2.493000025515606e-05 2810
1762674423404 2.479000296064417e-05 2820
1762674428650 2.465001225159141e-05 2830
1762674433798 2.4510032518074443e-05 2840
1762674439086 2.437006814982569e-05 2850
1762674462476 2.4230123536095748e-05 2860
1762674467793 2.4090203065515695e-05 2870
1762674472957 2.395031112595951e-05 2880
1762674478275 2.3810452104406444e-05 2890
1762674483693 2.3670630386803425e-05 2900
1762674713440 2.353085035792756e-05 2910
1762674718621 2.339111640124859e-05 2920
1762674723858 2.3251432898791454e-05 2930
1762674728976 2.3111804230998863e-05 2940
1762674734148 2.29722347765939e-05 2950
1762674757542 2.283272891244277e-05 2960
1762674762591 2.2693291013417453e-05 2970
1762674767733 2.2553925452258595e-05 2980
1762674772875 2.2414636599438345e-05 2990
1762674778155 2.2275428823023263e-05 3000
1762674802257 2.2136306488537413e-05 3010
1762674807656 2.1997273958825375e-05 3020
1762674812776 2.1858335593915504e-05 3030
1762674817974 2.1719495750883172e-05 3040
1762674823236 2.1580758783714104e-05 3050
1762674846568 2.1442129043167874e-05 3060
1762674851784 2.130361087664145e-05 3070
1762674857073 2.116520862803286e-05 3080
1762674862314 2.1026926637605008e-05 3090
1762674867596 2.088876924184946e-05 3100
1762674890973 2.0750740773350592e-05 3110
1762674896247 2.0612845560649603e-05 3120
1762674901589 2.0475087928108835e-05 3130
1762674906803 2.033747219577618e-05 3140
1762674911969 2.02000026792495e-05 3150
1762674935287 2.006268368954144e-05 3160
1762674940526 1.9925519532944104e-05 3170
1762674945778 1.9788514510894082e-05 3180
1762674951002 1.965167291983757e-05 3190
1762674956211 1.9514999051095544e-05 3200
1762674979639 1.937849719072931e-05 3210
1762674984902 1.9242171619405986e-05 3220
1762674990179 1.9106026612264316e-05 3230
1762674995396 1.8970066438780628e-05 3240
1762675000646 1.8834295362634842e-05 3250
1762675024771 1.8698717641576897e-05 3260
1762675030161 1.856333752729311e-05 3270
1762675035424 1.8428159265272917e-05 3280
1762675040628 1.829318709467573e-05 3290
1762675045890 1.815842524819793e-05 3300
1762675069174 1.8023877951940237e-05 3310
1762675074471 1.7889549425275093e-05 3320
1762675079664 1.7755443880714383e-05 3330
1762675084883 1.762156552377734e-05 3340
1762675090197 1.74879185528586e-05 3350
1762676016626 1.7354507159096647e-05 3360
1762676021818 1.722133552624227e-05 3370
1762676027054 1.7088407830527443e-05 3380
1762676032375 1.6955728240534305e-05 3390
1762676037781 1.682330091706446e-05 3400
1762676061206 1.6691130013008514e-05 3410
1762676066508 1.6559219673215784e-05 3420
1762676071832 1.6427574034364378e-05 3430
1762676077008 1.6296197224831435e-05 3440
1762676082305 1.6165093364563654e-05 3450
1762676105621 1.6034266564948137e-05 3460
1762676110822 1.59037209286834e-05 3470
1762676116108 1.5773460549650753e-05 3480
1762676121156 1.564348951278591e-05 3490
1762676126378 1.551381189395085e-05 3500
1762676150554 1.5384431759806083e-05 3510
1762676155604 1.5255353167683017e-05 3520
1762676160704 1.5126580165456799e-05 3530
1762676165799 1.4998116791419342e-05 3540
1762676170955 1.4869967074152669e-05 3550
1762676194270 1.474213503240264e-05 3560
1762676199666 1.4614624674952842e-05 3570
1762676204824 1.4487440000498939e-05 3580
1762676210047 1.4360584997523252e-05 3590
1762676215435 1.4234063644169654e-05 3600
1762676238816 1.4107879908118873e-05 3610
1762676244081 1.3982037746464043e-05 3620
1762676249295 1.3856541105586545e-05 3630
1762676254473 1.3731393921032376e-05 3640
1762676259831 1.3606600117388607e-05 3650
1762676283240 1.3482163608160408e-05 3660
1762676288448 1.3358088295648274e-05 3670
1762676293685 1.3234378070825603e-05 3680
1762676298829 1.3111036813216792e-05 3690
1762676303956 1.298806839077546e-05 3700
1762676327421 1.2865476659763231e-05 3710
1762676332664 1.2743265464628786e-05 3720
1762676337751 1.2621438637887222e-05 3730
1762676342912 1.2500000000000006e-05 3740
1762676348078 1.2378953359255036e-05 3750
1762676372043 1.2258302511647312e-05 3760
1762676377308 1.2138051240759826e-05 3770
1762676382596 1.201820331764493e-05 3780
1762676388021 1.189876250070611e-05 3790
1762676393245 1.177973253558006e-05 3800
1762676507630 1.1661117155019293e-05 3810
1762676512840 1.1542920078775018e-05 3820
1762676518081 1.1425145013480516e-05 3830
1762676523200 1.1307795652534923e-05 3840
1762676528519 1.1190875675987356e-05 3850
1762676551729 1.1074388750421563e-05 3860
1762676556978 1.0958338528840893e-05 3870
1762676562051 1.0842728650553752e-05 3880
1762676567199 1.072756274105951e-05 3890
1762676572321 1.0612844411934746e-05 3900
1762676595638 1.049857726072005e-05 3910
1762676600865 1.0384764870807149e-05 3920
1762676606072 1.0271410811326565e-05 3930
1762676611344 1.0158518637035704e-05 3940
1762676616507 1.004609188820733e-05 3950
1762676639930 9.934134090518593e-06 3960
1762676645310 9.822648754940431e-06 3970
1762676650400 9.711639377627466e-06 3980
1762676655727 9.601109439808412e-06 3990
1762676661066 9.491062407676831e-06 4000
1762676685178 9.38150173228251e-06 4010
1762676690344 9.272430849423174e-06 4020
1762676695617 9.163853179536763e-06 4030
1762676700719 9.0557721275942e-06 4040
1762676705889 8.948191082992546e-06 4050
1762676729240 8.841113419448786e-06 4060
1762676734609 8.734542494893955e-06 4070
1762676739667 8.628481651367876e-06 4080
1762676744811 8.522934214914372e-06 4090
1762676750163 8.4179034954769e-06 4100
1762676773467 8.313392786794833e-06 4110
1762676778619 8.209405366300088e-06 4120
1762676783723 8.105944495014393e-06 4130
1762676788927 8.003013417447034e-06 4140
1762676794015 7.900615361493051e-06 4150
1762676817357 7.798753538332093e-06 4160
1762676822644 7.697431142327632e-06 4170
1762676828004 7.5966513509268365e-06 4180
1762676833211 7.49641732456094e-06 4190
1762676838409 7.396732206546081e-06 4200
1762676861843 7.29759912298478e-06 4210
1762676867096 7.199021182667873e-06 4220
1762676872449 7.1010014769770204e-06 4230
1762676877674 7.0035430797877974e-06 4240
1762676882967 6.906649047373246e-06 4250
1762679679549 6.810322418308085e-06 4260
1762679684752 6.7145662133733715e-06 4270
1762679689994 6.619383435461795e-06 4280
1762679695136 6.524777069483526e-06 4290
1762679700407 6.430750082272554e-06 4300
1762679723556 6.337305422493719e-06 4310
1762679728676 6.244446020550182e-06 4320
1762679733751 6.1521747884915465e-06 4330
1762679738883 6.060494619922575e-06 4340
1762679744088 5.969408389912376e-06 4350
1762679767573 5.878918954904314e-06 4360
1762679772659 5.789029152626374e-06 4370
1762679777923 5.699741802002201e-06 4380
1762679783233 5.611059703062713e-06 4390
1762679788543 5.522985636858239e-06 4400
1762679811802 5.435522365371376e-06 4410
1762679816970 5.348672631430318e-06 4420
1762679822282 5.262439158622856e-06 4430
1762679827546 5.17682465121099e-06 4440
1762679832877 5.0918317940461066e-06 4450
1762679856197 5.007463252484767e-06 4460
1762679861484 4.9237216723051485e-06 4470
1762679866783 4.840609679624053e-06 4480
1762679872016 4.758129880814574e-06 4490
1762679877229 4.6762848624243575e-06 4500
1762679901148 4.5950771910944605e-06 4510
1762679906225 4.514509413478888e-06 4520
1762679911652 4.4345840561647204e-06 4530
1762679916955 4.355303625592899e-06 4540
1762679922240 4.276670607979608e-06 4550
1762679945551 4.198687469238297e-06 4560
1762679950725 4.121356654902364e-06 4570
1762679956034 4.0446805900484635e-06 4580
1762679961340 3.968661679220468e-06 4590
1762679966506 3.893302306354046e-06 4600
1762679989903 3.818604834701894e-06 4610
1762679995255 3.7445716067596503e-06 4620
1762680000355 3.671204944192408e-06 4630
1762680005588 3.5985071477619397e-06 4640
1762680010784 3.526480497254528e-06 4650
1762680034180 3.4551272514094566e-06 4660
1762680039355 3.3844496478482064e-06 4670
1762680044460 3.3144499030042575e-06 4680
1762680049639 3.2451302120536155e-06 4690
1762680054764 3.176492748845941e-06 4700
1762680078230 3.108539665836388e-06 4710
1762680083426 3.0412730940181015e-06 4720
1762680088780 2.974695142855388e-06 4730
1762680094126 2.908807900217583e-06 4740
1762680099175 2.843613432313558e-06 4750
1762680123200 2.779113783626916e-06 4760
1762680128504 2.7153109768518925e-06 4770
1762680133701 2.652207012829916e-06 4780
1762680138863 2.5898038704868818e-06 4790
1762680144180 2.5281035067710653e-06 4800
1762680167522 2.4671078565917632e-06 4810
1762680172791 2.4068188327586257e-06 4820
1762680178044 2.347238325921647e-06 4830
1762680183118 2.2883682045119063e-06 4840
1762680188424 2.2302103146829595e-06 4850
1762680211829 2.1727664802529216e-06 4860
1762680216980 2.116038502647319e-06 4870
1762680222184 2.0600281608425503e-06 4880
1762680227449 2.0047372113101344e-06 4890
1762680232702 1.9501673879616182e-06 4900
1762680256172 1.8963204020941677e-06 4910
1762680261241 1.8431979423369604e-06 4920
1762680266466 1.790801674598186e-06 4930
1762680271704 1.7391332420128193e-06 4940
1762680276808 1.6881942648911076e-06 4950
1762680300260 1.6379863406677104e-06 4960
1762680305583 1.588511043851662e-06 4970
1762680310742 1.5397699259769554e-06 4980
1762680315909 1.4917645155539062e-06 4990
1762680321246 1.4444963180212185e-06 5000
1762680345290 1.3979668156987425e-06 5010
1762680350550 1.3521774677410476e-06 5020
1762680355757 1.307129710091609e-06 5030
1762680360964 1.2628249554378135e-06 5040
1762680366223 1.2192645931666441e-06 5050
1762680389521 1.1764499893210878e-06 5060
1762680394701 1.134382486557342e-06 5070
1762680399957 1.0930634041026733e-06 5080
1762680405262 1.0524940377140635e-06 5090
1762680410584 1.0126756596375686e-06 5100
1762680434094 9.736095185684136e-07 5110
1762680439331 9.352968396118628e-07 5120
1762680444432 8.977388242447593e-07 5130
1762680449693 8.609366502778854e-07 5140
1762680454880 8.248914718190004e-07 5150
1762680478099 7.896044192366586e-07 5160
1762680483429 7.550765991247654e-07 5170
1762680488676 7.213090942678608e-07 5180
1762680493918 6.883029636071819e-07 5190
1762680499036 6.56059242207438e-07 5200
1762680522500 6.245789412243603e-07 5210
1762680527701 5.938630478729917e-07 5220
1762680532912 5.639125253967259e-07 5230
1762680538088 5.347283130371e-07 5240
1762680543191 5.063113260043412e-07 5250
1762680567507 4.786624554486641e-07 5260
1762680572662 4.517825684323324e-07 5270
1762680577988 4.256725079024554e-07 5280
1762680583184 4.003330926645649e-07 5290
1762680588408 3.7576511735692434e-07 5300
1762680611826 3.51969352425624e-07 5310
1762680616991 3.2894654410041417e-07 5320
1762680622353 3.066974143713014e-07 5330
1762680627653 2.852226609659059e-07 5340
1762680632933 2.6452295732758424e-07 5350
1762680656353 2.4459895259430766e-07 5360
1762680661605 2.2545127157831413e-07 5370
1762680666822 2.0708051474650214e-07 5380
1762680671972 1.8948725820160662e-07 5390
1762680677222 1.726720536641274e-07 5400
1762680700549 1.5663542845503477e-07 5410
1762680705886 1.4137788547923246e-07 5420
1762680710987 1.2689990320977896e-07 5430
1762680716172 1.1320193567288529e-07 5440
1762680721462 1.0028441243368492e-07 5450
1762680744865 8.814773858275004e-08 5460
1762680750179 7.679229472340176e-08 5470
1762680755495 6.621843695976404e-08 5480
1762680760634 5.642649688559487e-08 5490
1762680765737 4.741678157389739e-08 5500
1762680789814 3.918957356728592e-08 5510
1762680795193 3.1745130869123566e-08 5520
1762680800322 2.5083686935425955e-08 5530
1762680805558 1.9205450667558743e-08 5540
1762680810870 1.4110606405662308e-08 5550
1762680834231 9.799313922889685e-09 5560
1762680839474 6.271708420385603e-09 5570
1762680844822 3.5279005230565155e-09 5580
1762680850046 1.5679762760900663e-09 5590
1762680855237 3.919971422572388e-10 5600
1762680878504 0.0 5610
