1762669937791 3.6565 10
1762669942999 2.923 20
1762669948150 2.3825 30
1762669953629 1.9165 40
1762669958899 1.3765 50
1762669982461 0.8116 60
1762669987608 0.4489 70
1762669992796 0.3193 80
1762669998003 0.2818 90
1762670003187 0.2411 100
1762670026560 0.2353 110
1762670031839 0.2288 120
1762670037136 0.213 130
1762670042398 0.2067 140
1762670047480 0.2004 150
1762670071018 0.1987 160
1762670076279 0.185 170
1762670081605 0.1809 180
1762670086760 0.1751 190
1762670091797 0.1765 200
1762670115201 0.1694 210
1762670120490 0.1688 220
1762670125693 0.1679 230
1762670131015 0.1651 240
1762670136217 0.1646 250
1762670160248 0.1579 260
1762670165696 0.159 270
1762670170944 0.159 280
1762670175905 0.1574 290
1762670181241 0.1474 300
1762670204554 0.1529 310
1762670209929 0.1502 320
1762670215179 0.1458 330
1762670220443 0.137 340
1762670225601 0.1481 350
1762670248958 0.1386 360
1762670254099 0.1401 370
1762670259240 0.1422 380
1762670264513 0.1501 390
1762670269686 0.1395 400
1762670293134 0.1414 410
1762670298250 0.1368 420
1762670303447 0.1351 430
1762670308655 0.1419 440
1762670313932 0.1301 450
1762670337419 0.1419 460
1762670342718 0.1323 470
1762670348027 0.1368 480
1762670353251 0.1358 490
1762670358454 0.1421 500
1762670382679 0.136 510
1762670387738 0.1341 520
1762670392996 0.1272 530
1762670398144 0.1321 540
1762670403333 0.1305 550
1762670426773 0.133 560
1762670431854 0.1235 570
1762670437116 0.133 580
1762670442325 0.1243 590
1762670447471 0.1315 600
1762670471026 0.1319 610
1762670476290 0.1309 620
1762670481542 0.1338 630
1762670486839 0.1238 640
1762670491965 0.1221 650
1762670515354 0.1245 660
1762670520556 0.1341 670
1762670525866 0.1227 680
1762670531104 0.125 690
1762670536277 0.1303 700
1762670559717 0.122 710
1762670564971 0.129 720
1762670570237 0.1285 730
1762670575256 0.1236 740
1762670580530 0.1237 750
1762670604710 0.1237 760
1762670609948 0.1258 770
1762670615324 0.1198 780
1762670620625 0.1241 790
1762670625857 0.1216 800
1762670649240 0.1187 810
1762670654414 0.1289 820
1762670659617 0.1199 830
1762670664792 0.1175 840
1762670670010 0.1186 850
1762670693377 0.1207 860
1762670698605 0.118 870
1762670703908 0.1218 880
1762670709099 0.1208 890
1762670714252 0.1258 900
1762670737607 0.121 910
1762670742711 0.1202 920
1762670747947 0.1169 930
1762670753225 0.1236 940
1762670758415 0.1176 950
1762671347874 0.1219 960
1762671353175 0.1185 970
1762671358416 0.1123 980
1762671363694 0.1169 990
1762671368971 0.1175 1000
1762671393022 0.1138 1010
1762671398403 0.1153 1020
1762671403603 0.1199 1030
1762671408734 0.1173 1040
1762671413978 0.1169 1050
1762671437206 0.1163 1060
1762671442421 0.1164 1070
1762671447572 0.118 1080
1762671452846 0.1169 1090
1762671458180 0.1157 1100
1762671481657 0.1152 1110
1762671486789 0.119 1120
1762671491997 0.1106 1130
1762671497225 0.1122 1140
1762671502494 0.1149 1150
1762671525930 0.1191 1160
1762671531210 0.1164 1170
1762671536597 0.1115 1180
1762671541901 0.115 1190
1762671547266 0.1103 1200
1762671570657 0.1144 1210
1762671575686 0.1142 1220
1762671580930 0.1132 1230
1762671586198 0.1092 1240
1762671591345 0.1123 1250
1762671615347 0.1161 1260
1762671620447 0.1131 1270
1762671625658 0.1144 1280
1762671630871 0.1096 1290
1762671636019 0.1115 1300
1762671659287 0.109 1310
1762671664577 0.1119 1320
1762671669835 0.1116 1330
1762671674887 0.108 1340
1762671680109 0.1078 1350
1762671703613 0.1134 1360
1762671708744 0.1097 1370
1762671713977 0.1094 1380
1762671719190 0.1099 1390
1762671724450 0.1105 1400
1762672175385 0.1065 1410
1762672180634 0.1102 1420
1762672185896 0.1041 1430
1762672191190 0.1092 1440
1762672196331 0.1081 1450
1762672219653 0.1109 1460
1762672224947 0.109 1470
1762672230037 0.1064 1480
1762672235319 0.1069 1490
1762672240405 0.1092 1500
1762672264543 0.1052 1510
1762672269811 0.1052 1520
1762672275032 0.1026 1530
1762672280241 0.1044 1540
1762672285426 0.1036 1550
1762672308782 0.1096 1560
1762672314141 0.1043 1570
1762672319506 0.1011 1580
1762672324795 0.1035 1590
1762672330082 0.1056 1600
1762672353351 0.1016 1610
1762672358732 0.1026 1620
1762672363796 0.1054 1630
1762672369049 0.1022 1640
1762672374253 0.1001 1650
1762672397652 0.1009 1660
1762672402811 0.1025 1670
1762672408098 0.0968 1680
1762672413212 0.0915 1690
1762672418468 0.0933 1700
1762672441705 0.0896 1710
1762672446969 0.0918 1720
1762672452196 0.0883 1730
1762672457327 0.0927 1740
1762672462566 0.0857 1750
1762672486776 0.0851 1760
1762672492138 0.0866 1770
1762672497358 0.0833 1780
1762672502598 0.0824 1790
1762672507673 0.0837 1800
1762672531088 0.0793 1810
1762672536289 0.0781 1820
1762672541591 0.0756 1830
1762672547005 0.0758 1840
1762672552244 0.078 1850
1762672763010 0.0774 1860
1762672768170 0.0781 1870
1762672773461 0.0721 1880
1762672778801 0.0743 1890
1762672783964 0.0696 1900
1762672807175 0.0684 1910
1762672812484 0.0726 1920
1762672817741 0.0699 1930
1762672822883 0.0727 1940
1762672828070 0.0745 1950
1762672851462 0.0722 1960
1762672856720 0.0731 1970
1762672861968 0.0687 1980
1762672867146 0.0715 1990
1762672872481 0.0723 2000
1762672896483 0.0724 2010
1762672901740 0.0701 2020
1762672906878 0.0712 2030
1762672912208 0.072 2040
1762672917392 0.0708 2050
1762672940862 0.0705 2060
1762672945993 0.0694 2070
1762672951229 0.0695 2080
1762672956515 0.0695 2090
1762672961744 0.0683 2100
1762672985203 0.068 2110
1762672990439 0.0713 2120
1762672995699 0.0669 2130
1762673000961 0.0678 2140
1762673006283 0.0672 2150
1762673029584 0.0701 2160
1762673034851 0.0664 2170
1762673040038 0.0695 2180
1762673045191 0.0662 2190
1762673050392 0.0677 2200
1762673073961 0.068 2210
1762673079068 0.0678 2220
1762673084453 0.0673 2230
1762673089745 0.0716 2240
1762673094968 0.0659 2250
1762673930200 0.0687 2260
1762673935373 0.0648 2270
1762673940645 0.0659 2280
1762673945797 0.0665 2290
1762673951172 0.0669 2300
1762673974440 0.0664 2310
1762673979583 0.0645 2320
1762673984952 0.0655 2330
1762673990201 0.0693 2340
1762673995485 0.0676 2350
1762674018702 0.0688 2360
1762674024007 0.0676 2370
1762674029159 0.0643 2380
1762674034392 0.0664 2390
1762674039767 0.0656 2400
1762674063053 0.0652 2410
1762674068120 0.066 2420
1762674073298 0.0666 2430
1762674078544 0.0658 2440
1762674083715 0.0632 2450
1762674107047 0.0632 2460
1762674112364 0.0671 2470
1762674117558 0.0631 2480
1762674122808 0.0648 2490
1762674128019 0.0645 2500
1762674152019 0.0618 2510
1762674157316 0.0655 2520
1762674162519 0.0658 2530
1762674167707 0.0657 2540
1762674172910 0.0627 2550
1762674196238 0.0663 2560
1762674201453 0.0622 2570
1762674206743 0.067 2580
1762674211970 0.0656 2590
1762674217122 0.0643 2600
1762674240502 0.0643 2610
1762674245690 0.0647 2620
1762674250892 0.0627 2630
1762674256152 0.064 2640
1762674261378 0.0652 2650
1762674284766 0.0645 2660
1762674290016 0.0674 2670
1762674295252 0.0582 2680
1762674300400 0.0626 2690
1762674305666 0.0633 2700
1762674329103 0.0614 2710
1762674334263 0.0622 2720
1762674339434 0.0614 2730
1762674344687 0.0611 2740
1762674349855 0.0644 2750
1762674373873 0.0648 2760
1762674379152 0.0668 2770
1762674384475 0.0662 2780
1762674389663 0.063 2790
1762674394915 0.0625 2800
1762674418155 0.0619 2810
1762674423404 0.0598 2820
1762674428650 0.0612 2830
1762674433798 0.0623 2840
1762674439086 0.0616 2850
1762674462476 0.0635 2860
1762674467793 0.0618 2870
1762674472957 0.0622 2880
1762674478275 0.0605 2890
1762674483693 0.0602 2900
1762674713440 0.0626 2910
1762674718621 0.0619 2920
1762674723858 0.0641 2930
1762674728976 0.0619 2940
1762674734148 0.0624 2950
1762674757542 0.0657 2960
1762674762591 0.062 2970
1762674767733 0.0632 2980
1762674772875 0.0622 2990
1762674778155 0.0601 3000
1762674802257 0.0603 3010
1762674807656 0.0595 3020
1762674812776 0.0583 3030
1762674817974 0.062 3040
1762674823236 0.0614 3050
1762674846568 0.0628 3060
1762674851784 0.0616 3070
1762674857073 0.0625 3080
1762674862314 0.0596 3090
1762674867596 0.0619 3100
1762674890973 0.0604 3110
1762674896247 0.0622 3120
1762674901589 0.0604 3130
1762674906803 0.0615 3140
1762674911969 0.0598 3150
1762674935287 0.0595 3160
1762674940526 0.0625 3170
1762674945778 0.0594 3180
1762674951002 0.058 3190
1762674956211 0.0588 3200
1762674979639 0.0594 3210
1762674984902 0.0596 3220
1762674990179 0.0577 3230
1762674995396 0.0603 3240
1762675000646 0.0584 3250
1762675024771 0.0601 3260
1762675030161 0.0602 3270
1762675035424 0.0613 3280
1762675040628 0.0585 3290
1762675045890 0.0609 3300
1762675069174 0.06 3310
1762675074471 0.0596 3320
1762675079664 0.0613 3330
1762675084883 0.0605 3340
1762675090197 0.0605 3350
1762676016626 0.0597 3360
1762676021818 0.0607 3370
1762676027054 0.057 3380
1762676032375 0.0585 3390
1762676037781 0.058 3400
1762676061206 0.0571 3410
1762676066508 0.0575 3420
1762676071832 0.0601 3430
1762676077008 0.057 3440
1762676082305 0.059 3450
1762676105621 0.0594 3460
1762676110822 0.0605 3470
1762676116108 0.0589 3480
1762676121156 0.0575 3490
1762676126378 0.059 3500
1762676150554 0.0589 3510
1762676155604 0.0581 3520
1762676160704 0.0604 3530
1762676165799 0.0613 3540
1762676170955 0.0592 3550
1762676194270 0.0568 3560
1762676199666 0.0587 3570
1762676204824 0.056 3580
1762676210047 0.0572 3590
1762676215435 0.056 3600
1762676238816 0.0582 3610
1762676244081 0.0553 3620
1762676249295 0.0629 3630
1762676254473 0.0594 3640
1762676259831 0.0595 3650
1762676283240 0.0585 3660
1762676288448 0.0572 3670
1762676293685 0.0567 3680
1762676298829 0.0572 3690
1762676303956 0.06 3700
1762676327421 0.0581 3710
1762676332664 0.0582 3720
1762676337751 0.0569 3730
1762676342912 0.0579 3740
1762676348078 0.0559 3750
1762676372043 0.0574 3760
1762676377308 0.0582 3770
1762676382596 0.0559 3780
1762676388021 0.0565 3790
1762676393245 0.0554 3800
1762676507630 0.0581 3810
1762676512840 0.0596 3820
1762676518081 0.0568 3830
1762676523200 0.0567 3840
1762676528519 0.0558 3850
1762676551729 0.0565 3860
1762676556978 0.0592 3870
1762676562051 0.0584 3880
1762676567199 0.0568 3890
1762676572321 0.0576 3900
1762676595638 0.0579 3910
1762676600865 0.0566 3920
1762676606072 0.0568 3930
1762676611344 0.0579 3940
1762676616507 0.0559 3950
1762676639930 0.0558 3960
1762676645310 0.0567 3970
1762676650400 0.0564 3980
1762676655727 0.0571 3990
1762676661066 0.056 4000
1762676685178 0.0563 4010
1762676690344 0.0569 4020
1762676695617 0.0573 4030
1762676700719 0.0534 4040
1762676705889 0.0558 4050
1762676729240 0.057 4060
1762676734609 0.0591 4070
1762676739667 0.0539 4080
1762676744811 0.0565 4090
1762676750163 0.0576 4100
1762676773467 0.0572 4110
1762676778619 0.0558 4120
1762676783723 0.055 4130
1762676788927 0.0554 4140
1762676794015 0.0553 4150
1762676817357 0.0552 4160
1762676822644 0.0566 4170
1762676828004 0.0532 4180
1762676833211 0.0556 4190
1762676838409 0.0546 4200
1762676861843 0.0599 4210
1762676867096 0.0571 4220
1762676872449 0.0577 4230
1762676877674 0.0545 4240
1762676882967 0.0548 4250
1762679679549 0.0554 4260
1762679684752 0.0579 4270
1762679689994 0.0571 4280
1762679695136 0.0548 4290
1762679700407 0.0565 4300
1762679723556 0.0545 4310
1762679728676 0.0555 4320
1762679733751 0.0554 4330
1762679738883 0.0567 4340
1762679744088 0.0574 4350
1762679767573 0.0579 4360
1762679772659 0.0537 4370
1762679777923 0.0554 4380
1762679783233 0.0559 4390
1762679788543 0.0539 4400
1762679811802 0.0528 4410
1762679816970 0.0548 4420
1762679822282 0.0544 4430
1762679827546 0.057 4440
1762679832877 0.0543 4450
1762679856197 0.0549 4460
1762679861484 0.057 4470
1762679866783 0.0563 4480
1762679872016 0.0557 4490
1762679877229 0.0564 4500
1762679901148 0.0565 4510
1762679906225 0.0542 4520
1762679911652 0.0547 4530
1762679916955 0.0558 4540
1762679922240 0.056 4550
1762679945551 0.0546 4560
1762679950725 0.0553 4570
1762679956034 0.0521 4580
1762679961340 0.0532 4590
1762679966506 0.0554 4600
1762679989903 0.0537 4610
1762679995255 0.0561 4620
1762680000355 0.0539 4630
1762680005588 0.055 4640
1762680010784 0.0554 4650
1762680034180 0.0577 4660
1762680039355 0.0557 4670
1762680044460 0.0535 4680
1762680049639 0.0554 4690
1762680054764 0.0534 4700
1762680078230 0.0548 4710
1762680083426 0.0536 4720
1762680088780 0.0535 4730
1762680094126 0.0543 4740
1762680099175 0.0542 4750
1762680123200 0.0568 4760
1762680128504 0.0573 4770
1762680133701 0.0549 4780
1762680138863 0.052 4790
1762680144180 0.0552 4800
1762680167522 0.0545 4810
1762680172791 0.0561 4820
1762680178044 0.0541 4830
1762680183118 0.0549 4840
1762680188424 0.0559 4850
1762680211829 0.0543 4860
1762680216980 0.0553 4870
1762680222184 0.0524 4880
1762680227449 0.0545 4890
1762680232702 0.0548 4900
1762680256172 0.0546 4910
1762680261241 0.0539 4920
1762680266466 0.055 4930
1762680271704 0.0548 4940
1762680276808 0.056 4950
1762680300260 0.0524 4960
1762680305583 0.0554 4970
1762680310742 0.0535 4980
1762680315909 0.0547 4990
1762680321246 0.0538 5000
1762680345290 0.0557 5010
1762680350550 0.0549 5020
1762680355757 0.0542 5030
1762680360964 0.0543 5040
1762680366223 0.0558 5050
1762680389521 0.0533 5060
1762680394701 0.0546 5070
1762680399957 0.0545 5080
1762680405262 0.0539 5090
1762680410584 0.0538 5100
1762680434094 0.0564 5110
1762680439331 0.0546 5120
1762680444432 0.0543 5130
1762680449693 0.0534 5140
1762680454880 0.0533 5150
1762680478099 0.0574 5160
1762680483429 0.0534 5170
1762680488676 0.0555 5180
1762680493918 0.0536 5190
1762680499036 0.0548 5200
1762680522500 0.0538 5210
1762680527701 0.0546 5220
1762680532912 0.0541 5230
1762680538088 0.0527 5240
1762680543191 0.053 5250
1762680567507 0.0527 5260
1762680572662 0.0552 5270
1762680577988 0.0551 5280
1762680583184 0.0544 5290
1762680588408 0.0536 5300
1762680611826 0.0539 5310
1762680616991 0.0583 5320
1762680622353 0.0521 5330
1762680627653 0.0524 5340
1762680632933 0.0562 5350
1762680656353 0.0533 5360
1762680661605 0.056 5370
1762680666822 0.0558 5380
1762680671972 0.0539 5390
1762680677222 0.0539 5400
1762680700549 0.0558 5410
1762680705886 0.0525 5420
1762680710987 0.054 5430
1762680716172 0.0511 5440
1762680721462 0.0544 5450
1762680744865 0.0529 5460
1762680750179 0.0555 5470
1762680755495 0.0573 5480
1762680760634 0.0559 5490
1762680765737 0.0546 5500
1762680789814 0.0545 5510
1762680795193 0.0533 5520
1762680800322 0.0547 5530
1762680805558 0.0535 5540
1762680810870 0.0539 5550
1762680834231 0.0553 5560
1762680839474 0.0539 5570
1762680844822 0.053 5580
1762680850046 0.0533 5590
1762680855237 0.0541 5600
1762680878504 0.0535 5610
