1762669937791 0.44755964577198026 10
1762669942999 0.50094757899642 20
1762669948150 0.5596165359020233 30
1762669953629 0.6206176996231079 40
1762669982461 0.7786447003483772 60
1762669987608 0.9286649703979493 70
1762669992796 0.9468496710062027 80
1762669998003 0.9500479146838188 90
1762670026560 0.957359291613102 110
1762670031839 0.9597284913063049 120
1762670037136 0.9622261837124825 130
1762670042398 0.9633062452077865 140
1762670071018 0.9647468477487564 160
1762670076279 0.96758933365345 170
1762670081605 0.9677607819437981 180
1762670086760 0.9693743228912354 190
1762670115201 0.9703491851687431 210
1762670120490 0.9706850484013557 220
1762670125693 0.9706743687391282 230
1762670131015 0.971139320731163 240
1762670160248 0.9725669972598553 260
1762670165696 0.9720748603343964 270
1762670170944 0.9724822372198105 280
1762670175905 0.973688431084156 290
1762670204554 0.9741795875132084 310
1762670209929 0.9742585629224777 320
1762670215179 0.9752454981207848 330
1762670220443 0.9762820184230805 340
1762670248958 0.9756799519062043 360
1762670254099 0.9759314119815826 370
1762670259240 0.9755430892109871 380
1762670264513 0.9738754317164421 390
1762670293134 0.9761963985860348 410
1762670298250 0.9765446290373803 420
1762670303447 0.9764226138591766 430
1762670308655 0.9752098113298416 440
1762670337419 0.976513746380806 460
1762670342718 0.9773134231567383 470
1762670348027 0.9757108375430107 480
1762670353251 0.976336932182312 490
1762670382679 0.9757148735225201 510
1762670387738 0.9771891862154007 520
1762670392996 0.9780443608760834 530
1762670398144 0.9771375015377999 540
1762670426773 0.9769825160503387 560
1762670431854 0.978690741956234 570
1762670437116 0.9766464412212372 580
1762670442325 0.9782574161887169 590
1762670471026 0.9773802936077118 610
1762670476290 0.9765814438462257 620
1762670481542 0.9765098914504051 630
1762670486839 0.9783490523695946 640
1762670515354 0.9784074276685715 660
1762670520556 0.9768147692084312 670
1762670525866 0.9786353051662445 680
1762670531104 0.9786089822649956 690
1762670559717 0.9777605697512627 710
1762670564971 0.9775144413113594 720
1762670570237 0.9775459408760071 730
1762670575256 0.9784128949046135 740
1762670604710 0.978564215451479 760
1762670609948 0.9770749166607857 770
1762670615324 0.9791815608739853 780
1762670620625 0.9781317472457886 790
1762670649240 0.9788654565811157 810
1762670654414 0.9772271335124969 820
1762670659617 0.9788344725966454 830
1762670664792 0.9795687377452851 840
1762670693377 0.9790645353496075 860
1762670698605 0.9793843656778336 870
1762670703908 0.9783668518066406 880
1762670709099 0.9787174060940742 890
1762670737607 0.9781638063490391 910
1762670742711 0.9787316277623177 920
1762670747947 0.9798385441303253 930
1762670753225 0.9781898558139801 940
1762671347874 0.9787287227809429 960
1762671353175 0.9789032593369484 970
1762671358416 0.980589647591114 980
1762671363694 0.9794974163174629 990
1762671393022 0.9796638764441014 1010
1762671398403 0.9791747003793716 1020
1762671403603 0.978847949206829 1030
1762671408734 0.979586835205555 1040
1762671437206 0.9798376888036728 1060
1762671442421 0.9792168602347374 1070
1762671447572 0.9792813912034035 1080
1762671452846 0.9790757596492767 1090
1762671481657 0.979718566685915 1110
1762671486789 0.9792066216468811 1120
1762671491997 0.9805545166134835 1130
1762671497225 0.9799950376152993 1140
1762671525930 0.9791048608720303 1160
1762671531210 0.9791607588529587 1170
1762671536597 0.9801822513341903 1180
1762671541901 0.9790828704833985 1190
1762671570657 0.980005869269371 1210
1762671575686 0.9800917193293571 1220
1762671580930 0.9794975996017456 1230
1762671586198 0.9803810819983483 1240
1762671615347 0.9799011692404747 1260
1762671620447 0.9801184490323067 1270
1762671625658 0.9795720234513283 1280
1762671630871 0.9803089708089828 1290
1762671659287 0.9805627517402172 1310
1762671664577 0.9803159147500992 1320
1762671669835 0.9800417825579644 1330
1762671674887 0.9813202917575836 1340
1762671703613 0.9803203962743282 1360
1762671708744 0.9804076611995697 1370
1762671713977 0.9803899958729744 1380
1762671719190 0.9801855534315109 1390
1762672175385 0.9803198337554931 1410
1762672180634 0.9803881660103798 1420
1762672185896 0.9812760442495346 1430
1762672191190 0.9802580088376999 1440
1762672219653 0.9803212992846966 1460
1762672224947 0.9801763325929642 1470
1762672230037 0.9806931287050247 1480
1762672235319 0.9801801934838295 1490
1762672264543 0.9805145680904388 1510
1762672269811 0.9803767517209053 1520
1762672275032 0.9809524416923523 1530
1762672280241 0.9808161050081253 1540
1762672308782 0.9804405368864536 1560
1762672314141 0.9806850850582123 1570
1762672319506 0.9817705869674682 1580
1762672324795 0.9808815464377403 1590
1762672353351 0.9804875358939171 1610
1762672358732 0.9810905754566193 1620
1762672363796 0.9802945211529732 1630
1762672369049 0.9805720806121826 1640
1762672397652 0.9808251664042473 1660
1762672402811 0.9806006953120232 1670
1762672408098 0.980884212255478 1680
1762672413212 0.9812612742185592 1690
1762672441705 0.9811595104634762 1710
1762672446969 0.9799519091844558 1720
1762672452196 0.9810779228806495 1730
1762672457327 0.9801620826125145 1740
1762672486776 0.9828122973442077 1760
1762672492138 0.9832654029130936 1770
1762672497358 0.984002161026001 1780
1762672502598 0.983726455271244 1790
1762672531088 0.983720988035202 1810
1762672536289 0.9845105901360511 1820
1762672541591 0.9844306260347366 1830
1762672547005 0.9841647580265999 1840
1762672763010 0.9839743249118328 1860
1762672768170 0.9841720148921013 1870
1762672773461 0.9844275534152984 1880
1762672778801 0.983816109597683 1890
1762672807175 0.9848823122680187 1910
1762672812484 0.9843844324350357 1920
1762672817741 0.984501039981842 1930
1762672822883 0.984526327252388 1940
1762672851462 0.9842373073101044 1960
1762672856720 0.9842038929462433 1970
1762672861968 0.984872604906559 1980
1762672867146 0.9841246411204339 1990
1762672896483 0.9840204738080501 2010
1762672901740 0.9844446167349815 2020
1762672906878 0.9842720285058022 2030
1762672912208 0.9840944305062294 2040
1762672940862 0.9842207878828049 2060
1762672945993 0.9848082154989243 2070
1762672951229 0.9848652258515358 2080
1762672956515 0.9842085525393486 2090
1762672985203 0.9849414967000485 2110
1762672990439 0.9846078768372536 2120
1762672995699 0.9844952315092087 2130
1762673000961 0.9849825695157051 2140
1762673029584 0.985210581868887 2160
1762673034851 0.9851273849606514 2170
1762673040038 0.9848180666565896 2180
1762673045191 0.9849454700946808 2190
1762673073961 0.9845363743603229 2210
1762673079068 0.98510901927948 2220
1762673084453 0.9843591555953026 2230
1762673089745 0.9840981557965278 2240
1762673930200 0.9846982918679714 2260
1762673935373 0.9856361463665962 2270
1762673940645 0.9855052798986434 2280
1762673945797 0.9852974489331245 2290
1762673974440 0.9851644039154053 2310
1762673979583 0.9854479774832725 2320
1762673984952 0.9850543528795243 2330
1762673990201 0.984688115119934 2340
1762674018702 0.9848920978605747 2360
1762674024007 0.9853362023830414 2370
1762674029159 0.98557248711586 2380
1762674034392 0.9851150006055832 2390
1762674063053 0.9850729644298554 2410
1762674068120 0.985307103395462 2420
1762674073298 0.9849944561719894 2430
1762674078544 0.9853656053543091 2440
1762674107047 0.9858369998633861 2460
1762674112364 0.9848431646823883 2470
1762674117558 0.9857335433363914 2480
1762674122808 0.9858026266098022 2490
1762674152019 0.9856080107390881 2510
1762674157316 0.9855968505144119 2520
1762674162519 0.9853678405284881 2530
1762674167707 0.9855765715241432 2540
1762674196238 0.985383939743042 2560
1762674201453 0.9857431769371032 2570
1762674206743 0.9846255972981452 2580
1762674211970 0.985348305106163 2590
1762674240502 0.985772455483675 2610
1762674245690 0.9853509098291398 2620
1762674250892 0.985573124885559 2630
1762674256152 0.98587114661932 2640
1762674284766 0.9852505274116993 2660
1762674290016 0.9856161415576935 2670
1762674295252 0.9869152992963791 2680
1762674300400 0.985870273411274 2690
1762674329103 0.9857064925134182 2710
1762674334263 0.9854856878519058 2720
1762674339434 0.9859745427966118 2730
1762674344687 0.9866270810365677 2740
1762674373873 0.9852810464799404 2760
1762674379152 0.9849670216441154 2770
1762674384475 0.9857039824128151 2780
1762674389663 0.9858514159917832 2790
1762674418155 0.9859699137508869 2810
1762674423404 0.9860645174980164 2820
1762674428650 0.9864415779709816 2830
1762674433798 0.9864757791161537 2840
1762674462476 0.9856620766222477 2860
1762674467793 0.9859254136681557 2870
1762674472957 0.9861756339669228 2880
1762674478275 0.9863145932555198 2890
1762674713440 0.985949669778347 2910
1762674718621 0.9859062790870666 2920
1762674723858 0.9854887127876282 2930
1762674728976 0.9861427873373032 2940
1762674757542 0.9858252108097076 2960
1762674762591 0.9861818045377732 2970
1762674767733 0.9859390273690224 2980
1762674772875 0.9860263720154763 2990
1762674802257 0.9863155417144298 3010
1762674807656 0.9858850076794624 3020
1762674812776 0.9865568831562996 3030
1762674817974 0.9856034025549889 3040
1762674846568 0.9859334096312523 3060
1762674851784 0.9862295731902122 3070
1762674857073 0.9857241243124009 3080
1762674862314 0.9869599580764771 3090
1762674890973 0.9860439479351044 3110
1762674896247 0.9863454341888428 3120
1762674901589 0.9865715593099594 3130
1762674906803 0.9861017018556595 3140
1762674935287 0.9865226857364178 3160
1762674940526 0.9860614717006684 3170
1762674945778 0.9865778222680092 3180
1762674951002 0.9867621392011643 3190
1762674979639 0.9865078546106816 3210
1762674984902 0.9866363674402236 3220
1762674990179 0.9868757724761963 3230
1762674995396 0.9863709330558776 3240
1762675024771 0.986625874787569 3260
1762675030161 0.9864624202251434 3270
1762675035424 0.9864760026335716 3280
1762675040628 0.9866132482886314 3290
1762675069174 0.9864653930068016 3310
1762675074471 0.9861497074365616 3320
1762675079664 0.986532524228096 3330
1762675084883 0.9861038893461227 3340
1762676016626 0.9859475128352642 3360
1762676021818 0.986211434006691 3370
1762676027054 0.9868870064616203 3380
1762676032375 0.986950495839119 3390
1762676061206 0.9865737073123455 3410
1762676066508 0.9867795392870903 3420
1762676071832 0.9859781116247177 3430
1762676077008 0.9873866602778435 3440
1762676105621 0.9866895325481891 3460
1762676110822 0.9866428285837173 3470
1762676116108 0.9867800608277321 3480
1762676121156 0.9868310377001762 3490
1762676150554 0.9869089379906655 3510
1762676155604 0.9868930697441101 3520
1762676160704 0.9863367319107056 3530
1762676165799 0.9863395124673844 3540
1762676194270 0.9867444165050984 3560
1762676199666 0.986537292599678 3570
1762676204824 0.987234291434288 3580
1762676210047 0.9866439521312713 3590
1762676238816 0.9867744512856007 3610
1762676244081 0.9872780114412307 3620
1762676249295 0.9866068497300148 3630
1762676254473 0.9864074647426605 3640
1762676283240 0.9863065473735333 3660
1762676288448 0.987023614346981 3670
1762676293685 0.9868271693587303 3680
1762676298829 0.986929415166378 3690
1762676327421 0.986549685895443 3710
1762676332664 0.9872382849454879 3720
1762676337751 0.987380488216877 3730
1762676342912 0.9869558587670326 3740
1762676372043 0.9868650279939175 3760
1762676377308 0.9870726078748703 3770
1762676382596 0.9868822216987609 3780
1762676388021 0.9867512106895446 3790
1762676507630 0.9871656633913517 3810
1762676512840 0.9864555165171623 3820
1762676518081 0.9869790434837341 3830
1762676523200 0.9871027946472168 3840
1762676551729 0.9871205493807793 3860
1762676556978 0.986916859447956 3870
1762676562051 0.9866299480199814 3880
1762676567199 0.9872076377272606 3890
1762676595638 0.9872048541903495 3910
1762676600865 0.9866445899009705 3920
1762676606072 0.9875761657953263 3930
1762676611344 0.9869617074728012 3940
1762676639930 0.9871515363454819 3960
1762676645310 0.9873851403594017 3970
1762676650400 0.9873767957091332 3980
1762676655727 0.9870263516902924 3990
1762676685178 0.9869582250714302 4010
1762676690344 0.9869934380054474 4020
1762676695617 0.9872192695736886 4030
1762676700719 0.9878705963492393 4040
1762676729240 0.9873138174414635 4060
1762676734609 0.9868425816297531 4070
1762676739667 0.9873890519142151 4080
1762676744811 0.9871303007006645 4090
1762676773467 0.9870764262974262 4110
1762676778619 0.9869536682963371 4120
1762676783723 0.987110684812069 4130
1762676788927 0.987572631239891 4140
1762676817357 0.9872510127723217 4160
1762676822644 0.987680870294571 4170
1762676828004 0.9876154348254204 4180
1762676833211 0.9877819925546646 4190
1762676861843 0.9872700840234756 4210
1762676867096 0.9873915985226631 4220
1762676872449 0.9872866988182067 4230
1762676877674 0.9872839897871017 4240
1762679679549 0.9870130091905593 4260
1762679684752 0.9872290566563606 4270
1762679689994 0.9869365885853767 4280
1762679695136 0.9871498078107834 4290
1762679723556 0.9875492140650749 4310
1762679728676 0.9870722398161889 4320
1762679733751 0.9874265551567077 4330
1762679738883 0.9866941392421722 4340
1762679767573 0.9872396603226662 4360
1762679772659 0.9875933647155761 4370
1762679777923 0.9872569084167481 4380
1762679783233 0.9875446289777756 4390
1762679811802 0.9877832047641277 4410
1762679816970 0.9871264681220054 4420
1762679822282 0.9877633824944496 4430
1762679827546 0.9872055858373642 4440
1762679856197 0.9874710701406002 4460
1762679861484 0.987058411538601 4470
1762679866783 0.9875222489237785 4480
1762679872016 0.9876023933291436 4490
1762679901148 0.9871857933700084 4510
1762679906225 0.9873660758137703 4520
1762679911652 0.9871024429798126 4530
1762679916955 0.9874512687325477 4540
1762679945551 0.9875844351947307 4560
1762679950725 0.9872761994600296 4570
1762679956034 0.9877915918827057 4580
1762679961340 0.9881748288869858 4590
1762679989903 0.987636374682188 4610
1762679995255 0.9872041955590248 4620
1762680000355 0.9874457731842995 4630
1762680005588 0.9875705078244209 4640
1762680034180 0.9872381687164307 4660
1762680039355 0.9877947345376015 4670
1762680044460 0.9873216301202774 4680
1762680049639 0.9877030432224274 4690
1762680078230 0.9878426887094974 4710
1762680083426 0.9878033623099327 4720
1762680088780 0.9879641622304917 4730
1762680094126 0.9875664174556732 4740
1762680123200 0.9874147117137909 4760
1762680128504 0.9872695982456208 4770
1762680133701 0.9876456975936889 4780
1762680138863 0.9878356650471687 4790
1762680167522 0.9876805692911148 4810
1762680172791 0.9873575806617737 4820
1762680178044 0.987757383286953 4830
1762680183118 0.987344790995121 4840
1762680211829 0.9874263316392898 4860
1762680216980 0.9878553211688995 4870
1762680222184 0.9874847382307053 4880
1762680227449 0.9878867879509926 4890
1762680256172 0.9874295748770237 4910
1762680261241 0.9877613753080368 4920
1762680266466 0.9878744229674339 4930
1762680271704 0.9870863631367683 4940
1762680300260 0.9874276123940945 4960
1762680305583 0.9873858988285065 4970
1762680310742 0.9879669025540352 4980
1762680315909 0.9874149188399315 4990
1762680345290 0.987822076678276 5010
1762680350550 0.9878993302583694 5020
1762680355757 0.9875910356640816 5030
1762680360964 0.9877470314502717 5040
1762680389521 0.9876041322946548 5060
1762680394701 0.987439452111721 5070
1762680399957 0.9878256514668464 5080
1762680405262 0.9876661613583565 5090
1762680434094 0.9876298382878304 5110
1762680439331 0.9876765832304955 5120
1762680444432 0.9877375602722168 5130
1762680449693 0.9874713122844696 5140
1762680478099 0.9878070063889026 5160
1762680483429 0.9881656780838967 5170
1762680488676 0.9872124746441842 5180
1762680493918 0.9877535328269005 5190
1762680522500 0.9873022086918354 5210
1762680527701 0.9879894256591797 5220
1762680532912 0.987718041241169 5230
1762680538088 0.9882930383086205 5240
1762680567507 0.9880015783011913 5260
1762680572662 0.9876027390360832 5270
1762680577988 0.9876990184187889 5280
1762680583184 0.9877310112118721 5290
1762680611826 0.9875178627669812 5310
1762680616991 0.986837375164032 5320
1762680622353 0.9882728174328804 5330
1762680627653 0.9875891491770744 5340
1762680656353 0.9875507794320584 5360
1762680661605 0.9871728092432022 5370
1762680666822 0.9873947635293007 5380
1762680671972 0.9882818534970284 5390
1762680700549 0.9873937226831913 5410
1762680705886 0.9878912851214409 5420
1762680710987 0.9881514683365822 5430
1762680716172 0.9880845203995705 5440
1762680744865 0.9878644101321697 5460
1762680750179 0.9875043377280235 5470
1762680755495 0.9871817722916603 5480
1762680760634 0.9871975556015968 5490
1762680789814 0.9876105323433876 5510
1762680795193 0.9876071870326996 5520
1762680800322 0.9878216087818146 5530
1762680805558 0.987968946993351 5540
1762680834231 0.987621046602726 5560
1762680839474 0.98783587962389 5570
1762680844822 0.9881839945912361 5580
1762680850046 0.9877214968204499 5590
1762680878504 0.9878434635698795 5610
