1762669937791 49210.0 10
1762669942999 98405.0 20
1762669948150 147526.0 30
1762669953629 197148.0 40
1762669982461 295824.0 60
1762669987608 345015.0 70
1762669992796 394351.0 80
1762669998003 443694.0 90
1762670026560 541942.0 110
1762670031839 591344.0 120
1762670037136 640805.0 130
1762670042398 690002.0 140
1762670071018 788694.0 160
1762670076279 838116.0 170
1762670081605 887574.0 180
1762670086760 936290.0 190
1762670115201 1034565.0 210
1762670120490 1084117.0 220
1762670125693 1133309.0 230
1762670131015 1182737.0 240
1762670160248 1281285.0 260
1762670165696 1330863.0 270
1762670170944 1380226.0 280
1762670175905 1429320.0 290
1762670204554 1527975.0 310
1762670209929 1577435.0 320
1762670215179 1626883.0 330
1762670220443 1676185.0 340
1762670248958 1774704.0 360
1762670254099 1823865.0 370
1762670259240 1872673.0 380
1762670264513 1922227.0 390
1762670293134 2021009.0 410
1762670298250 2069994.0 420
1762670303447 2119262.0 430
1762670308655 2168482.0 440
1762670337419 2267172.0 460
1762670342718 2316415.0 470
1762670348027 2365870.0 480
1762670353251 2415203.0 490
1762670382679 2514409.0 510
1762670387738 2563307.0 520
1762670392996 2612504.0 530
1762670398144 2661753.0 540
1762670426773 2760280.0 560
1762670431854 2809160.0 570
1762670437116 2858508.0 580
1762670442325 2907733.0 590
1762670471026 3006785.0 610
1762670476290 3056153.0 620
1762670481542 3105716.0 630
1762670486839 3155218.0 640
1762670515354 3253246.0 660
1762670520556 3302730.0 670
1762670525866 3352018.0 680
1762670531104 3401118.0 690
1762670559717 3499893.0 710
1762670564971 3549271.0 720
1762670570237 3598437.0 730
1762670575256 3647473.0 740
1762670604710 3745320.0 760
1762670609948 3794622.0 770
1762670615324 3844026.0 780
1762670620625 3893801.0 790
1762670649240 3992493.0 810
1762670654414 4041979.0 820
1762670659617 4091436.0 830
1762670664792 4140418.0 840
1762670693377 4238993.0 860
1762670698605 4288365.0 870
1762670703908 4337921.0 880
1762670709099 4387104.0 890
1762670737607 4485748.0 910
1762670742711 4534624.0 920
1762670747947 4583897.0 930
1762670753225 4632766.0 940
1762671347874 4731288.0 960
1762671353175 4780770.0 970
1762671358416 4830132.0 980
1762671363694 4879585.0 990
1762671393022 4978072.0 1010
1762671398403 5027682.0 1020
1762671403603 5076847.0 1030
1762671408734 5125947.0 1040
1762671437206 5224150.0 1060
1762671442421 5273361.0 1070
1762671447572 5322539.0 1080
1762671452846 5372153.0 1090
1762671481657 5470998.0 1110
1762671486789 5520188.0 1120
1762671491997 5569204.0 1130
1762671497225 5618444.0 1140
1762671525930 5717117.0 1160
1762671531210 5766756.0 1170
1762671536597 5816178.0 1180
1762671541901 5865783.0 1190
1762671570657 5964639.0 1210
1762671575686 6013608.0 1220
1762671580930 6063084.0 1230
1762671586198 6112359.0 1240
1762671615347 6210608.0 1260
1762671620447 6259664.0 1270
1762671625658 6308933.0 1280
1762671630871 6358190.0 1290
1762671659287 6456225.0 1310
1762671664577 6505818.0 1320
1762671669835 6555185.0 1330
1762671674887 6604142.0 1340
1762671703613 6703131.0 1360
1762671708744 6752270.0 1370
1762671713977 6801437.0 1380
1762671719190 6850860.0 1390
1762672175385 6949271.0 1410
1762672180634 6998635.0 1420
1762672185896 7047983.0 1430
1762672191190 7097439.0 1440
1762672219653 7195772.0 1460
1762672224947 7245312.0 1470
1762672230037 7294492.0 1480
1762672235319 7343877.0 1490
1762672264543 7442001.0 1510
1762672269811 7491481.0 1520
1762672275032 7540569.0 1530
1762672280241 7589904.0 1540
1762672308782 7688385.0 1560
1762672314141 7738166.0 1570
1762672319506 7787538.0 1580
1762672324795 7836769.0 1590
1762672353351 7935338.0 1610
1762672358732 7984944.0 1620
1762672363796 8033703.0 1630
1762672369049 8083112.0 1640
1762672397652 8181686.0 1660
1762672402811 8230742.0 1670
1762672408098 8280112.0 1680
1762672413212 8328921.0 1690
1762672441705 8427458.0 1710
1762672446969 8476853.0 1720
1762672452196 8526230.0 1730
1762672457327 8575318.0 1740
1762672486776 8674119.0 1760
1762672492138 8723764.0 1770
1762672497358 8773101.0 1780
1762672502598 8822621.0 1790
1762672531088 8921076.0 1810
1762672536289 8970402.0 1820
1762672541591 9019542.0 1830
1762672547005 9068935.0 1840
1762672763010 9167424.0 1860
1762672768170 9216230.0 1870
1762672773461 9265617.0 1880
1762672778801 9314924.0 1890
1762672807175 9413364.0 1910
1762672812484 9462740.0 1920
1762672817741 9512075.0 1930
1762672822883 9561205.0 1940
1762672851462 9660119.0 1960
1762672856720 9709369.0 1970
1762672861968 9758676.0 1980
1762672867146 9807623.0 1990
1762672896483 9906046.0 2010
1762672901740 9955407.0 2020
1762672906878 10004647.0 2030
1762672912208 10054231.0 2040
1762672940862 10152764.0 2060
1762672945993 10201745.0 2070
1762672951229 10250882.0 2080
1762672956515 10300218.0 2090
1762672985203 10398890.0 2110
1762672990439 10448237.0 2120
1762672995699 10497738.0 2130
1762673000961 10547059.0 2140
1762673029584 10645627.0 2160
1762673034851 10694943.0 2170
1762673040038 10744013.0 2180
1762673045191 10793278.0 2190
1762673073961 10892350.0 2210
1762673079068 10941512.0 2220
1762673084453 10990854.0 2230
1762673089745 11040276.0 2240
1762673930200 11138428.0 2260
1762673935373 11187541.0 2270
1762673940645 11237012.0 2280
1762673945797 11286077.0 2290
1762673974440 11385186.0 2310
1762673979583 11434180.0 2320
1762673984952 11484005.0 2330
1762673990201 11533448.0 2340
1762674018702 11631949.0 2360
1762674024007 11681368.0 2370
1762674029159 11730586.0 2380
1762674034392 11779744.0 2390
1762674063053 11878556.0 2410
1762674068120 11927404.0 2420
1762674073298 11976530.0 2430
1762674078544 12025630.0 2440
1762674107047 12123979.0 2460
1762674112364 12173237.0 2470
1762674117558 12222376.0 2480
1762674122808 12271850.0 2490
1762674152019 12370297.0 2510
1762674157316 12419940.0 2520
1762674162519 12469164.0 2530
1762674167707 12518112.0 2540
1762674196238 12616691.0 2560
1762674201453 12666040.0 2570
1762674206743 12715362.0 2580
1762674211970 12764947.0 2590
1762674240502 12863506.0 2610
1762674245690 12912493.0 2620
1762674250892 12961759.0 2630
1762674256152 13011277.0 2640
1762674284766 13109953.0 2660
1762674290016 13159259.0 2670
1762674295252 13208493.0 2680
1762674300400 13257691.0 2690
1762674329103 13356612.0 2710
1762674334263 13405959.0 2720
1762674339434 13455276.0 2730
1762674344687 13504435.0 2740
1762674373873 13602995.0 2760
1762674379152 13652323.0 2770
1762674384475 13701577.0 2780
1762674389663 13750711.0 2790
1762674418155 13848936.0 2810
1762674423404 13898375.0 2820
1762674428650 13947567.0 2830
1762674433798 13996845.0 2840
1762674462476 14095746.0 2860
1762674467793 14145262.0 2870
1762674472957 14194380.0 2880
1762674478275 14243724.0 2890
1762674713440 14342665.0 2910
1762674718621 14391921.0 2920
1762674723858 14441294.0 2930
1762674728976 14490272.0 2940
1762674757542 14589120.0 2960
1762674762591 14637897.0 2970
1762674767733 14686954.0 2980
1762674772875 14736368.0 2990
1762674802257 14834895.0 3010
1762674807656 14884283.0 3020
1762674812776 14933173.0 3030
1762674817974 14982342.0 3040
1762674846568 15081127.0 3060
1762674851784 15130227.0 3070
1762674857073 15179600.0 3080
1762674862314 15228713.0 3090
1762674890973 15327335.0 3110
1762674896247 15376894.0 3120
1762674901589 15426283.0 3130
1762674906803 15475608.0 3140
1762674935287 15574330.0 3160
1762674940526 15623643.0 3170
1762674945778 15672490.0 3180
1762674951002 15721954.0 3190
1762674979639 15820473.0 3210
1762674984902 15869850.0 3220
1762674990179 15919135.0 3230
1762674995396 15968369.0 3240
1762675024771 16066872.0 3260
1762675030161 16116481.0 3270
1762675035424 16165845.0 3280
1762675040628 16215180.0 3290
1762675069174 16313424.0 3310
1762675074471 16362914.0 3320
1762675079664 16412192.0 3330
1762675084883 16461379.0 3340
1762676016626 16559933.0 3360
1762676021818 16608903.0 3370
1762676027054 16658207.0 3380
1762676032375 16707582.0 3390
1762676061206 16807034.0 3410
1762676066508 16856623.0 3420
1762676071832 16905808.0 3430
1762676077008 16954957.0 3440
1762676105621 17053921.0 3460
1762676110822 17103396.0 3470
1762676116108 17152693.0 3480
1762676121156 17201553.0 3490
1762676150554 17300087.0 3510
1762676155604 17349146.0 3520
1762676160704 17398415.0 3530
1762676165799 17447386.0 3540
1762676194270 17545267.0 3560
1762676199666 17594847.0 3570
1762676204824 17644093.0 3580
1762676210047 17693341.0 3590
1762676238816 17792273.0 3610
1762676244081 17841463.0 3620
1762676249295 17890589.0 3630
1762676254473 17939858.0 3640
1762676283240 18039096.0 3660
1762676288448 18088107.0 3670
1762676293685 18137511.0 3680
1762676298829 18186658.0 3690
1762676327421 18285202.0 3710
1762676332664 18334476.0 3720
1762676337751 18383465.0 3730
1762676342912 18432460.0 3740
1762676372043 18531001.0 3760
1762676377308 18580365.0 3770
1762676382596 18629970.0 3780
1762676388021 18679577.0 3790
1762676507630 18778253.0 3810
1762676512840 18827419.0 3820
1762676518081 18876823.0 3830
1762676523200 18925889.0 3840
1762676551729 19024567.0 3860
1762676556978 19074003.0 3870
1762676562051 19123029.0 3880
1762676567199 19172378.0 3890
1762676595638 19270711.0 3910
1762676600865 19320009.0 3920
1762676606072 19368965.0 3930
1762676611344 19418315.0 3940
1762676639930 19516909.0 3960
1762676645310 19566446.0 3970
1762676650400 19615504.0 3980
1762676655727 19665201.0 3990
1762676685178 19763898.0 4010
1762676690344 19812998.0 4020
1762676695617 19862573.0 4030
1762676700719 19911859.0 4040
1762676729240 20010175.0 4060
1762676734609 20059535.0 4070
1762676739667 20108487.0 4080
1762676744811 20157575.0 4090
1762676773467 20256243.0 4110
1762676778619 20305183.0 4120
1762676783723 20354376.0 4130
1762676788927 20403478.0 4140
1762676817357 20502143.0 4160
1762676822644 20551481.0 4170
1762676828004 20601024.0 4180
1762676833211 20650359.0 4190
1762676861843 20749277.0 4210
1762676867096 20798405.0 4220
1762676872449 20847846.0 4230
1762676877674 20897236.0 4240
1762679679549 20996032.0 4260
1762679684752 21045183.0 4270
1762679689994 21094672.0 4280
1762679695136 21143787.0 4290
1762679723556 21241576.0 4310
1762679728676 21290543.0 4320
1762679733751 21339573.0 4330
1762679738883 21388927.0 4340
1762679767573 21487788.0 4360
1762679772659 21536824.0 4370
1762679777923 21586406.0 4380
1762679783233 21635880.0 4390
1762679811802 21734123.0 4410
1762679816970 21783248.0 4420
1762679822282 21832794.0 4430
1762679827546 21882031.0 4440
1762679856197 21980509.0 4460
1762679861484 22030032.0 4470
1762679866783 22079659.0 4480
1762679872016 22128696.0 4490
1762679901148 22227075.0 4510
1762679906225 22276173.0 4520
1762679911652 22325957.0 4530
1762679916955 22375682.0 4540
1762679945551 22474590.0 4560
1762679950725 22523690.0 4570
1762679956034 22573005.0 4580
1762679961340 22622245.0 4590
1762679989903 22720633.0 4610
1762679995255 22770164.0 4620
1762680000355 22819393.0 4630
1762680005588 22868795.0 4640
1762680034180 22967253.0 4660
1762680039355 23016332.0 4670
1762680044460 23065195.0 4680
1762680049639 23114242.0 4690
1762680078230 23212639.0 4710
1762680083426 23262137.0 4720
1762680088780 23311603.0 4730
1762680094126 23361305.0 4740
1762680123200 23459446.0 4760
1762680128504 23509125.0 4770
1762680133701 23558510.0 4780
1762680138863 23607719.0 4790
1762680167522 23706153.0 4810
1762680172791 23755423.0 4820
1762680178044 23805001.0 4830
1762680183118 23854127.0 4840
1762680211829 23952706.0 4860
1762680216980 24001559.0 4870
1762680222184 24050816.0 4880
1762680227449 24100111.0 4890
1762680256172 24198953.0 4910
1762680261241 24247717.0 4920
1762680266466 24296921.0 4930
1762680271704 24346188.0 4940
1762680300260 24445061.0 4960
1762680305583 24494770.0 4970
1762680310742 24544073.0 4980
1762680315909 24593358.0 4990
1762680345290 24692125.0 5010
1762680350550 24741331.0 5020
1762680355757 24790495.0 5030
1762680360964 24839925.0 5040
1762680389521 24937970.0 5060
1762680394701 24987232.0 5070
1762680399957 25036379.0 5080
1762680405262 25085949.0 5090
1762680434094 25185138.0 5110
1762680439331 25234531.0 5120
1762680444432 25283563.0 5130
1762680449693 25332946.0 5140
1762680478099 25431330.0 5160
1762680483429 25480835.0 5170
1762680488676 25530343.0 5180
1762680493918 25579498.0 5190
1762680522500 25677699.0 5210
1762680527701 25727033.0 5220
1762680532912 25776199.0 5230
1762680538088 25825143.0 5240
1762680567507 25923724.0 5260
1762680572662 25972910.0 5270
1762680577988 26022422.0 5280
1762680583184 26071676.0 5290
1762680611826 26170003.0 5310
1762680616991 26219327.0 5320
1762680622353 26268751.0 5330
1762680627653 26318123.0 5340
1762680656353 26416668.0 5360
1762680661605 26466081.0 5370
1762680666822 26515477.0 5380
1762680671972 26564725.0 5390
1762680700549 26663145.0 5410
1762680705886 26712574.0 5420
1762680710987 26761374.0 5430
1762680716172 26810799.0 5440
1762680744865 26909508.0 5460
1762680750179 26959028.0 5470
1762680755495 27008627.0 5480
1762680760634 27057615.0 5490
1762680789814 27156086.0 5510
1762680795193 27205431.0 5520
1762680800322 27254320.0 5530
1762680805558 27303550.0 5540
1762680834231 27402520.0 5560
1762680839474 27451444.0 5570
1762680844822 27500688.0 5580
1762680850046 27550506.0 5590
1762680878504 27648690.0 5610
